50 0.18909458024846376
100 0.13668714805004825
150 0.12766025961758845
200 0.11922097651949011
250 0.10897219974643427
300 0.09703485283570643
350 0.08808862293029239
400 0.08150240981296368
450 0.07332053801351812
500 0.066137350083824
550 0.06088446715054348
600 0.05605579716892559
650 0.05447073962266932
700 0.050883006485032495
750 0.050912292652624466
800 0.04769979693166898
850 0.04604564577384347
900 0.04374806674571132
950 0.060297056424878634
1000 0.06118244977816854
1050 0.040025425698989425
1100 0.06129518838827207
1150 0.041325809944733144
1200 0.03550643656432826
1250 0.03681783327705822
1300 0.03541783919833804
1350 0.029763391397128094
1400 0.03390586629741882
1450 0.02866801842077192
1500 0.0211922058893498
1550 0.022428149663549418
1600 0.020033597784073022
1650 0.02801451413439344
1700 0.039706338327071766
1750 0.03129112184156262
1800 0.018598618897449355
1850 0.022437446252636068
1900 0.01881714020902176
1950 0.024501673961579852
2000 0.02131493687738924
2050 0.01977816009072838
2100 0.02599346801982372
2150 0.018066789121884683
2200 0.03263626222630018
2250 0.03352567003055814
2300 0.017920249215727418
2350 0.030843698538305795
2400 0.032935066065179784
2450 0.07046538910009305
2500 0.015882447218385932
2550 0.03590567529572327
2600 0.014835080173444487
2650 0.03245315659404345
2700 0.016849392664012648
2750 0.050594544727090476
2800 0.016106599955005706
2850 0.01634723587594396
2900 0.015591868379756625
2950 0.015837522466262844
3000 0.04925144200822483
3050 0.016121873930065946
3100 0.020515298935383917
3150 0.022239743273892387
3200 0.01783028495054505
3250 0.02456321449220973
3300 0.02184566500648986
3350 0.015178248661338418
3400 0.015480128469149607
3450 0.016794932235805228
3500 0.017918033596284244
3550 0.015336012705138248
3600 0.013784163061344962
3650 0.01444185826154331
3700 0.028801057991493746
3750 0.0334226720484259
3800 0.018519278915353335
3850 0.02371419334202121
3900 0.031428031209425
3950 0.01495651276536618
4000 0.03136700333607384
4050 0.01364886476325799
4100 0.019802679006522085
4150 0.014770513794602747
4200 0.01626066690759593
4250 0.014886680877653855
4300 0.01441021238468852
4350 0.016139819019443846
4400 0.013826879858249043
4450 0.019576744885466082
4500 0.0134808855094911
4550 0.014766267899328275
4600 0.04039148971052193
4650 0.013741068783601288
4700 0.013383148492295957
4750 0.022382594032277114
4800 0.01372466936021231
4850 0.01290073340197162
4900 0.02674584061601942
4950 0.01294059350563044
5000 0.034793608392172694
5050 0.01221325755130971
5100 0.012519554141509247
5150 0.013138214797798241
5200 0.013092029487278714
5250 0.012543757385457807
5300 0.011829517317447765
5350 0.012006768100409963
5400 0.012203123509298131
5450 0.011672553520237428
5500 0.011525147068359292
5550 0.01203395202616394
5600 0.011041868831857529
5650 0.011176919063082543
5700 0.01138123751139493
5750 0.01137545287817746
5800 0.011179058793034045
5850 0.011241595464555084
5900 0.010816659441649785
5950 0.01074141904934118
6000 0.014005980847921571
6050 0.023616103308619234
6100 0.014858257007603631
6150 0.012010525761266265
6200 0.016073583413934677
6250 0.014809613798591756
6300 0.01922210675087532
6350 0.01243073172507494
6400 0.013200182564193648
6450 0.016236970537097682
6500 0.014415147520670362
6550 0.022320985550641628
6600 0.011644198038570041
6650 0.011087309349159207
6700 0.015827601052992753
6750 0.01011520700966281
6800 0.011513566500208157
6850 0.023065232493959836
6900 0.01857647167823666
6950 0.013816785358803327
7000 0.036397218561023875
7050 0.01110030675455429
7100 0.010187167948048434
7150 0.010521689704837486
7200 0.011182661031983522
7250 0.017695690791952236
7300 0.010418885076937678
7350 0.010713937422567014
7400 0.023224424693866378
7450 0.01038187477687217
7500 0.010715440725200738
7550 0.021623815209069
7600 0.014895461581849147
7650 0.025565998419413007
7700 0.010111354759480037
7750 0.010429929738795328
7800 0.009433096128439405
7850 0.013445153322027639
7900 0.010535178902818222
7950 0.010048120655528816
8000 0.023106111803132268
8050 0.009860023878736192
8100 0.009145753430298805
8150 0.013186739596314008
8200 0.01092383300054289
8250 0.010276831393528356
8300 0.009581227157307377
8350 0.009911035377072042
8400 0.02712332997037746
8450 0.010225641218003916
8500 0.00946563016494697
8550 0.009722815682403295
8600 0.010428309665825851
8650 0.012718589493888044
8700 0.026455852823666078
8750 0.009234726706421682
8800 0.008856775608407023
8850 0.01000064197476033
8900 0.011298465825834072
8950 0.012509850241199607
9000 0.008981024540405029
9050 0.01794940345277227
9100 0.0105589921672148
9150 0.010882808304202792
9200 0.027941976658923038
9250 0.008977596940467267
9300 0.011018832459042156
9350 0.012178502875791173
9400 0.009128629243573182
9450 0.00967201315879816
9500 0.012130653768189998
9550 0.009046361204938236
9600 0.009228788296437343
9650 0.021627531684175434
9700 0.009427523559632826
9750 0.011154215686227764
9800 0.009312935939877625
9850 0.01986718486488735
9900 0.009417315961209862
9950 0.009027026134381435
10000 0.012688510451765285
10050 0.008732831870936831
10100 0.008447544249916299
10150 0.009009966739514446
10200 0.008912178503321832
10250 0.00860456851972245
10300 0.00887311271068425
10350 0.00886247157813638
10400 0.007919389560204838
10450 0.008259861293465605
10500 0.008160661650430506
10550 0.008481948044321307
10600 0.008556905476903572
10650 0.00796989545331494
10700 0.008566911442161575
10750 0.00814510256236666
10800 0.008518705168601575
10850 0.008730255056032641
10900 0.007977739184644181
10950 0.008486794418351049
11000 0.008108047631183193
11050 0.008417709005188307
11100 0.008760332630775353
11150 0.008183164798473875
11200 0.007643521409606272
11250 0.008056405898537095
11300 0.008568989172967598
11350 0.01033008974755232
11400 0.02095870153819382
11450 0.009091641922874419
11500 0.011852718124843854
11550 0.008345406603652239
11600 0.007984156116679787
11650 0.008122004258629648
11700 0.008400212475643876
11750 0.010888398563553031
11800 0.008373108090458312
11850 0.008300272500989758
11900 0.012746136601515268
11950 0.007968989244890918
12000 0.01245042215989027
12050 0.011229667877945708
12100 0.023429951680422362
12150 0.008028228693193687
12200 0.008214549046853094
12250 0.009981160689215564
12300 0.00854486779309952
12350 0.00746779317715076
12400 0.008026541648805955
12450 0.009898018036684724
12500 0.008002212937062216
12550 0.007017526901357623
12600 0.008511803260395202
12650 0.0075422168368636695
12700 0.0073686505160168525
12750 0.007234770753888234
12800 0.007712408678984755
12850 0.008121471700446733
12900 0.007267815551118605
12950 0.007570469315767128
13000 0.00807861660449844
13050 0.007339185788057476
13100 0.007471419129110158
13150 0.007933917343371183
13200 0.007975964678527726
13250 0.007591139058913913
13300 0.009534230493818057
13350 0.0072803926057077905
13400 0.013902687781320016
13450 0.007547569417770361
13500 0.0070972256421138755
13550 0.00712999556165968
13600 0.007180863753791727
13650 0.015299970508570914
13700 0.011363685793937622
13750 0.012037071930573035
13800 0.007128496010394214
13850 0.009373794543882564
13900 0.00734383937626567
13950 0.007236694625961606
14000 0.009795317996916424
14050 0.007474506394721925
14100 0.009134457385716003
14150 0.007317923338267499
14200 0.011094894724851407
14250 0.013556327205211606
14300 0.007298305507082973
14350 0.00713269814351572
14400 0.014093218239827725
14450 0.007201786953100632
14500 0.010407918764206268
14550 0.007181831636682816
14600 0.007066609446368035
14650 0.008149145421048009
14700 0.006974133665091379
14750 0.006855680895195481
14800 0.007135136534562788
14850 0.006617449642476239
14900 0.023685900024792993
14950 0.007194264971836627
15000 0.006944817683150393
15050 0.008788119312693646
15100 0.007611069649198122
15150 0.006647708126169022
15200 0.009790837663637196
15250 0.012109469944848345
15300 0.009219614583350242
15350 0.007824925480973615
15400 0.0073941875071416
15450 0.007897586546393857
15500 0.0074333747996406735
15550 0.01008894639238705
15600 0.007449219445049324
15650 0.016142018611675295
15700 0.0065633936974719125
15750 0.017606773576191934
15800 0.0073145300486964215
15850 0.009474164350669815
15900 0.007080119869934543
15950 0.007036197123278352
16000 0.008032414860953054
16050 0.006776242656818255
16100 0.014047729838777575
16150 0.007024782013381666
16200 0.0066514713545298984
16250 0.009733353493915702
16300 0.010172931991856416
16350 0.00845071750469109
16400 0.006572950800917529
16450 0.00896358192140231
16500 0.007007290638099716
16550 0.00681703332505752
16600 0.030024748293176286
16650 0.006879239344904832
16700 0.006856441802726175
16750 0.006794897272720022
16800 0.006700970290266459
16850 0.0067607271899005885
16900 0.013078019205112023
16950 0.008062040068128646
17000 0.007008317085464953
17050 0.018391467409177076
17100 0.0072251883374217524
17150 0.009708187624641392
17200 0.010590838062237807
17250 0.0064918404106001915
17300 0.008094279059112188
17350 0.006644671750793093
17400 0.011992636947105602
17450 0.007604181174025631
17500 0.02331172425626126
17550 0.006957072149133672
17600 0.008422967862503685
17650 0.006345057567164812
17700 0.0066882626118824956
17750 0.007674706916372045
17800 0.015759008733731268
17850 0.007948215645893294
17900 0.006739750722929502
17950 0.006511995730900359
18000 0.012309542976641503
18050 0.007257641303661074
18100 0.008364028832847599
18150 0.006601714036581717
18200 0.0107274472480291
18250 0.006673369812322768
18300 0.0062903469304110985
18350 0.006097610899532875
18400 0.006608845815155179
18450 0.01446718065624528
18500 0.006278196809368787
18550 0.032495623652909825
18600 0.006941249450153524
18650 0.006454881764299946
18700 0.00652894888340207
18750 0.00737505261836814
18800 0.006728503734214392
18850 0.0063401701449357336
18900 0.0069942972410474355
18950 0.006437165517087361
19000 0.017392433862705118
19050 0.006998099147367171
19100 0.009034899270583045
19150 0.006637866240969629
19200 0.006869496287023759
19250 0.007772610152772762
19300 0.012206487037482781
19350 0.007212560789318714
19400 0.010561398771129138
19450 0.006743710226727005
19500 0.006160408717563971
19550 0.012079546409272916
19600 0.00813813268653823
19650 0.006003737434080603
19700 0.006478935809776764
19750 0.018093327614692838
19800 0.0065542650186511215
19850 0.006876277872805205
19900 0.006673078552888783
19950 0.006266346089074259
20000 0.005985365693796899
20050 0.006045633603412892
20100 0.005917638386258246
20150 0.0061183814651305955
20200 0.0060591934916541185
20250 0.006278736370467917
20300 0.006298128681225412
20350 0.006287914661151104
20400 0.006326878353656385
20450 0.005845969087713758
20500 0.006147795809136209
20550 0.006112422809006416
20600 0.0062259497585305835
20650 0.0063713024713971484
20700 0.005658429842067238
20750 0.00638058876433252
20800 0.005773121748265134
20850 0.006269768400810889
20900 0.005825563987819695
20950 0.0059714405322544
21000 0.005899750802486487
21050 0.005889173315382372
21100 0.005701635557273542
21150 0.006146805071392454
21200 0.006222104463983362
21250 0.00665900947523807
21300 0.00916661920109902
21350 0.0060679493834445465
21400 0.0058740393979144516
21450 0.008671687282872726
21500 0.006509460695199188
21550 0.007100966832879702
21600 0.006082202487541716
21650 0.007615328573816416
21700 0.006004998793753438
21750 0.005843959608064596
21800 0.006108314014821981
21850 0.007320764106033764
21900 0.005731164965963622
21950 0.007002531062413179
22000 0.009783322267158516
22050 0.005753962268259802
22100 0.005977832861404303
22150 0.007289369056751538
22200 0.007820269484787257
22250 0.005758065641525507
22300 0.008395006577420367
22350 0.005948451655464545
22400 0.007359996977835451
22450 0.006606817515079558
22500 0.008650264879834293
22550 0.005759785233995648
22600 0.006314782982147812
22650 0.006280156155879825
22700 0.0060601725237521085
22750 0.005482890928841745
22800 0.0059198644353033675
22850 0.0057434763453477495
22900 0.005947856148120263
22950 0.005646868712414845
23000 0.007382656745721413
23050 0.006880838810636163
23100 0.005499202761400155
23150 0.006335185877966179
23200 0.005739916359210248
23250 0.00566949627242304
23300 0.006015536419587027
23350 0.009456212828901925
23400 0.005560559575741542
23450 0.005734374014736368
23500 0.005916377763370132
23550 0.0059651203002570995
23600 0.006280882524281714
23650 0.007909929243272515
23700 0.005544300836818677
23750 0.005754995069907248
23800 0.007840177947615715
23850 0.007625143906679261
23900 0.005602423737070925
23950 0.005575095830801191
24000 0.006915607108405485
24050 0.005547357593205463
24100 0.0051447886978648934
24150 0.006287844010636758
24200 0.005450961079623441
24250 0.008442563880288684
24300 0.005867719363685701
24350 0.005390062670636752
24400 0.005838642968790709
24450 0.005541208883778609
24500 0.005363704056337172
24550 0.005567056363953558
24600 0.005365398104709269
24650 0.0057171958284656385
24700 0.009462623844881802
24750 0.005325343270505934
24800 0.005490497386699547
24850 0.006006122262611593
24900 0.005357144031655191
24950 0.006518881582129643
25000 0.005529545944667444
25050 0.005425376347427386
25100 0.008769888164012422
25150 0.005608768942734292
25200 0.006694654812541555
25250 0.006144135599751572
25300 0.005302928219840897
25350 0.005665298434052635
25400 0.008157965039815324
25450 0.006069145361268756
25500 0.008829620862476507
25550 0.005454835252405754
25600 0.00548188678310891
25650 0.005345732657999638
25700 0.007460171573132147
25750 0.0056099062415297316
25800 0.008113259727550103
25850 0.008401715678350132
25900 0.005333123267435215
25950 0.00883349333391912
26000 0.007548034693866761
26050 0.005628675166429593
26100 0.005754430719568592
26150 0.005259309048226584
26200 0.006024424703849994
26250 0.014998141769465
26300 0.0052452906318235775
26350 0.005577079349697458
26400 0.005179883961865706
26450 0.007844521111526755
26500 0.005419651652387322
26550 0.008031542341924863
26600 0.005661483273028229
26650 0.005418714937438015
26700 0.007410771505050653
26750 0.0066955912365369834
26800 0.006600616402041831
26850 0.006316096102472385
26900 0.005374958133799544
26950 0.005427209308494655
27000 0.005088349230232869
27050 0.005904487001555519
27100 0.005020908035000028
27150 0.005301213648051756
27200 0.005311095226757642
27250 0.012505723494210138
27300 0.005264223685009867
27350 0.009264703162173852
27400 0.005744948060105798
27450 0.010383924679180612
27500 0.006540052049561142
27550 0.0057279615767958265
27600 0.005636385713125597
27650 0.0063527693653378185
27700 0.005659153927784539
27750 0.005178546869684498
27800 0.005501049965759315
27850 0.005155596790320209
27900 0.006809635181757786
27950 0.005380651533914661
28000 0.005485612553149169
28050 0.005317697857207241
28100 0.014127510964499157
28150 0.00552398600033103
28200 0.005005636605749489
28250 0.005242001829125838
28300 0.005335076930245023
28350 0.006786384092919772
28400 0.00523550525006891
28450 0.006402411114493481
28500 0.005278371512935943
28550 0.005748555258424816
28600 0.006837062149263777
28650 0.007601846808275346
28700 0.005253305720855509
28750 0.0065323519886218585
28800 0.007153889076057502
28850 0.005141940344215673
28900 0.009380819285855428
28950 0.0048350052877988835
29000 0.0052236522928325825
29050 0.01076039656757817
29100 0.005276162025712316
29150 0.005103321916735603
29200 0.004963512873175146
29250 0.005743741072666888
29300 0.005824261265823753
29350 0.007737792306404983
29400 0.01022090343223199
29450 0.005125667884493736
29500 0.004864917910642538
29550 0.005995580977150535
29600 0.005434910774077877
29650 0.004896198237060014
29700 0.006031275830724615
29750 0.005019395948306392
29800 0.004886010190289129
29850 0.005954110407292539
29900 0.005421189323568988
29950 0.005439069981436578
30000 0.005078673217356593
30050 0.007082849486511195
30100 0.007181132233750251
30150 0.007733512609663571
30200 0.005071262555593944
30250 0.005702424954230489
30300 0.005066559732756126
30350 0.0054096497298214835
30400 0.005289104122864836
30450 0.005418010055129647
30500 0.005433013195410955
30550 0.005676144211517191
30600 0.009700873171155807
30650 0.005190150805447368
30700 0.00478913770716047
30750 0.005006532263344997
30800 0.005363887925664403
30850 0.007329767961606581
30900 0.005068523423795919
30950 0.007178424122956595
31000 0.0058828249526182135
31050 0.007164957055646503
31100 0.004865732069016123
31150 0.0053680598492740405
31200 0.008631093211106694
31250 0.005392545251547682
31300 0.005309378543143331
31350 0.006031316195428212
31400 0.005144891564555963
31450 0.0049217668608203926
31500 0.0052727928908881914
31550 0.005290193799066062
31600 0.004800673221960667
31650 0.008799088003728426
31700 0.004841105216576151
31750 0.004926591891690319
31800 0.004737480919238309
31850 0.005199620984519152
31900 0.005011841164669318
31950 0.0051162327657943135
32000 0.005152237838701716
32050 0.004794578535661528
32100 0.005866581872887555
32150 0.005147814338590878
32200 0.007613408361614123
32250 0.004727150939899181
32300 0.00493747670865605
32350 0.006263666692362379
32400 0.005096375534338829
32450 0.007028600581893805
32500 0.004955587126619115
32550 0.0049461807556138914
32600 0.005504895779211353
32650 0.0048646121810358425
32700 0.005126994861526985
32750 0.005151314622580852
32800 0.005013110090231021
32850 0.008216779950570784
32900 0.006655314086610285
32950 0.0050243689388691755
33000 0.004981558677432894
33050 0.005033737729688227
33100 0.007112937406610984
33150 0.005037006098446254
33200 0.0048754626572190445
33250 0.006078189369653565
33300 0.0050879177092566326
33350 0.004592314405228428
33400 0.005022041818059971
33450 0.004768107954140876
33500 0.006296825249585833
33550 0.004672273692245711
33600 0.00661296838858491
33650 0.004742359752975832
33700 0.004991473520337751
33750 0.005636965730114574
33800 0.0050382016060604926
33850 0.009454443338972048
33900 0.004849019972750441
33950 0.004711772807565875
34000 0.008773819639267577
34050 0.004887240714726335
34100 0.005214038995908304
34150 0.005729545878495837
34200 0.006508728696811747
34250 0.0076036849640053195
34300 0.004645282763857666
34350 0.005159751041620306
34400 0.005677666264515857
34450 0.004502083854791939
34500 0.0060268650179991995
34550 0.009293972538942957
34600 0.00723363939208657
34650 0.0067125388079847794
34700 0.006545798281617223
34750 0.005546355001671741
34800 0.00460290961383619
34850 0.007333479136045372
34900 0.004857163096533467
34950 0.0049385826926044984
35000 0.005136593133305884
35050 0.00465676135847718
35100 0.00462445408959225
35150 0.004722465718143133
35200 0.005031794872792374
35250 0.004784371413417818
35300 0.004589072950017322
35350 0.00468891487215612
35400 0.004762805367313358
35450 0.004847883835237659
35500 0.004891101586397044
35550 0.004435198782029714
35600 0.0043286730393642964
35650 0.005044637480568121
35700 0.004618133863725218
35750 0.004791651451431823
35800 0.004468460907870329
35850 0.004560429500762515
35900 0.004748982611776228
35950 0.004541947962454497
36000 0.004446188046228221
36050 0.0045946087292422855
36100 0.004570935540849436
36150 0.004523646441767997
36200 0.004635764570775944
36250 0.005146316252841091
36300 0.00447849566356465
36350 0.004837430128800004
36400 0.004793382551708936
36450 0.004537002017107727
36500 0.004606638245905791
36550 0.004700406736856793
36600 0.00462522864958749
36650 0.005037974964114551
36700 0.004552615946926859
36750 0.004342173279088503
36800 0.004929522259748917
36850 0.00490011016258569
36900 0.0048120973332636575
36950 0.004435210555291127
37000 0.0047117885210723005
37050 0.0044774461078542875
37100 0.005061388777692814
37150 0.004377204689736945
37200 0.004703916310735275
37250 0.004575143222810501
37300 0.005082699994933121
37350 0.004700799199553037
37400 0.0057820203955544274
37450 0.004608211822057513
37500 0.005203510957156213
37550 0.0059149722142902705
37600 0.005103504059442221
37650 0.004535178582221782
37700 0.00556506370032608
37750 0.005619639612171978
37800 0.004622662744767882
37850 0.004549644711820724
37900 0.0047697728166208484
37950 0.005524004212481204
38000 0.00569857079129686
38050 0.004666912000645494
38100 0.004637545781338825
38150 0.008796588809077134
38200 0.004695075624374719
38250 0.004557614210465054
38300 0.007553026403415351
38350 0.004256368656742752
38400 0.004931305500505292
38450 0.00692031731140985
38500 0.004713286227398587
38550 0.0048586767059576675
38600 0.0044145593576727276
38650 0.00547590079610685
38700 0.004508950595148403
38750 0.004537211056365149
38800 0.004417092738817805
38850 0.004602562242239796
38900 0.004306776265211948
38950 0.004599368713267481
39000 0.0046370362831004075
39050 0.0046026059522567605
39100 0.005107762884702602
39150 0.004544698626727567
39200 0.004393483819387057
39250 0.006315449139235534
39300 0.004473579038116951
39350 0.004661454425420577
39400 0.004986329930966509
39450 0.004679408632867215
39500 0.0046341787108863
39550 0.005959810108307846
39600 0.004506014351744465
39650 0.005110076605842875
39700 0.004973614182658489
39750 0.004257746560521503
39800 0.004505719298919612
39850 0.00451452548917961
39900 0.00442557676365458
39950 0.005326253966333494
40000 0.005109221911253918
40050 0.004469314158753766
40100 0.005208822991137343
40150 0.004268566539610636
40200 0.004631414010092121
40250 0.004692162426989212
40300 0.004424810460769809
40350 0.0047166398989977685
40400 0.004465437565975007
40450 0.00435545350338263
40500 0.004414386381080216
40550 0.0049268722770700185
40600 0.004639105501322023
40650 0.004443076911181363
40700 0.004781452076418338
40750 0.004661747280991167
40800 0.0044794872929968515
40850 0.007790433760231285
40900 0.004245758151219209
40950 0.004130531459329526
41000 0.00430649064270796
41050 0.004734763288346419
41100 0.004864499509308562
41150 0.004498766197979758
41200 0.004482929061800329
41250 0.004504932207470708
41300 0.007152835633379047
41350 0.0043784588955132825
41400 0.007376166623465735
41450 0.00448242985414181
41500 0.004889068522934132
41550 0.0050945531425502484
41600 0.004760619995186019
41650 0.00694915642519969
41700 0.0046872478157491924
41750 0.005982314861833884
41800 0.004913384103442754
41850 0.006028963979677292
41900 0.00435574712699495
41950 0.0043431911112378685
42000 0.0047997801929993535
42050 0.004261507882394397
42100 0.004811717900848035
42150 0.004456965687993729
42200 0.004436152928274116
42250 0.004355637021361128
42300 0.005170990049277918
42350 0.0041663602199480025
42400 0.0051918758624923764
42450 0.004447701647338305
42500 0.004561887550125182
42550 0.00469127688542641
42600 0.004801323385419837
42650 0.0047142807248217
42700 0.004574027865797583
42750 0.0046567591279553355
42800 0.004391637548932506
42850 0.004311777928682419
42900 0.004664444137176472
42950 0.005017029931510206
43000 0.005652656817283387
43050 0.004594683516878792
43100 0.005637695224109218
43150 0.004221978944454016
43200 0.004287496148594049
43250 0.006053236536379971
43300 0.005367264452076159
43350 0.006995334677701401
43400 0.004688476071144726
43450 0.006274367878222435
43500 0.00422348934232066
43550 0.0042659858459504095
43600 0.004251593097980215
43650 0.005314224041380822
43700 0.0046630968605003275
43750 0.004713829295911233
43800 0.005024969655266441
43850 0.00435613382339934
43900 0.004206696992489974
43950 0.0045945387832840665
44000 0.004391632764530966
44050 0.005424652934391026
44100 0.004073898105420106
44150 0.004770027712268523
44200 0.004356145395474314
44250 0.004334140393484578
44300 0.005031217962989139
44350 0.004852989035800856
44400 0.00442279783579928
44450 0.004515635076537804
44500 0.004220264669188987
44550 0.00416104569254963
44600 0.00429909827899742
44650 0.004525626010596838
44700 0.004696401372288003
44750 0.004974590940149303
44800 0.004504182478057663
44850 0.004284112383998479
44900 0.004115764924906325
44950 0.005387517332463357
45000 0.004806925955381498
45050 0.004307822815512569
45100 0.004160594110858307
45150 0.004255723357577628
45200 0.004168149920684848
45250 0.00446961909196571
45300 0.0041754153940311385
45350 0.004316329675539197
45400 0.006523701081412069
45450 0.0043876978793820605
45500 0.0040721770767966825
45550 0.00439732636670437
45600 0.004245298255482345
45650 0.004340824963114515
45700 0.00449242972905248
45750 0.004299101531660318
45800 0.004679455529506514
45850 0.005573871290005025
45900 0.0040345930189902655
45950 0.004976070968375661
46000 0.0045000603688859575
46050 0.004260091962044233
46100 0.00397522976255804
46150 0.005308871148353787
46200 0.004192595564677427
46250 0.004615205122319848
46300 0.004261455690279521
46350 0.004697074464667277
46400 0.004225741208372614
46450 0.003914336720986876
46500 0.004807155084934355
46550 0.0048178796764049596
46600 0.004385832929642246
46650 0.004534525793742594
46700 0.004352907149666718
46750 0.004139264203425888
46800 0.00456768860490591
46850 0.004475988612540351
46900 0.003895052479703838
46950 0.004420427033362074
47000 0.0038884152038632064
47050 0.004148359036631843
47100 0.004312305797448095
47150 0.004401526539351862
47200 0.004210099409545272
47250 0.004274281402601853
47300 0.004263978763794384
47350 0.004278060824284066
47400 0.004924620123480969
47450 0.004170063231125957
47500 0.0042136593607754414
47550 0.004182123508212247
47600 0.004898960653509291
47650 0.004130958198065167
47700 0.0060041826997250395
47750 0.004492638123595602
47800 0.004511728612894613
47850 0.005890942773832014
47900 0.004088177825543154
47950 0.004237724751468139
48000 0.0046281660682048744
48050 0.004130851028361075
48100 0.00404135910711615
48150 0.003953936016117757
48200 0.00392907136479889
48250 0.003972413109479087
48300 0.004073249578895205
48350 0.004072666933489566
48400 0.0039415680555321495
48450 0.004141140007835182
48500 0.0038688360462796993
48550 0.0041113123609882694
48600 0.0039690895067188295
48650 0.0038144327039614286
48700 0.004103433383891583
48750 0.004335492779873138
48800 0.003937545656433843
48850 0.004205696614636492
48900 0.004046213413980284
48950 0.004216662491903934
49000 0.0039657882941255196
49050 0.004110808699258205
49100 0.004108266844597649
49150 0.004240481192128679
49200 0.0040727016902544775
49250 0.004036065613855436
49300 0.003847909681320342
49350 0.0043905695194167175
49400 0.004186082551256451
49450 0.003886601442426919
49500 0.00419708475986335
49550 0.004892038818735299
49600 0.0040976860213180226
49650 0.0042876589394750825
49700 0.0038726589236263076
49750 0.004160864349804527
49800 0.0038796029676466484
49850 0.004399660263659117
49900 0.004308914292962633
49950 0.0038965520765720228
50000 0.004464354168855514
