50 0.14690701759704705
100 0.12539466485159284
150 0.11495356557890286
200 0.09774078491201678
250 0.08354851128904978
300 0.07119402209829902
350 0.06359755104472072
400 0.051060518586825615
450 0.04952540769067533
500 0.04136760577599215
550 0.03586674458340181
600 0.030573641620286144
650 0.037756297658079065
700 0.025316164858438434
750 0.04191747364145039
800 0.02451718642069378
850 0.025544471587742975
900 0.0236186444983822
950 0.0271584304344701
1000 0.0853680577309312
1050 0.024192919950207132
1100 0.02201272381069321
1150 0.021897358110020453
1200 0.021529229259549552
1250 0.019012127071355026
1300 0.028518892996846283
1350 0.027345761088767708
1400 0.02141919867384831
1450 0.01874544963522717
1500 0.03757910975563738
1550 0.01916058465494202
1600 0.019341203153936396
1650 0.02230478924608917
1700 0.017811105660707816
1750 0.015762543701369352
1800 0.022424989562210833
1850 0.022497243295473434
1900 0.019063263652879806
1950 0.08589886099186607
2000 0.01702999766080973
2050 0.01578201961617814
2100 0.016214135924894128
2150 0.0627177314882115
2200 0.016178966398924723
2250 0.05694683156318183
2300 0.014195923661858421
2350 0.03492748486331089
2400 0.01585033344207222
2450 0.01523422897006189
2500 0.05310391858690941
2550 0.015258625176845566
2600 0.014059106952098359
2650 0.020408780554956322
2700 0.07127978430710206
2750 0.014755395710510185
2800 0.013483198034986689
2850 0.015600120761479262
2900 0.019605508152004892
2950 0.014178520228764363
3000 0.016555755951689
3050 0.05439013417068365
3100 0.015572670513840722
3150 0.013100132759375365
3200 0.01936006011188488
3250 0.013603568671795758
3300 0.012919727798561511
3350 0.016601732949975134
3400 0.014842415926367095
3450 0.013276827290818242
3500 0.012779832688841824
3550 0.013273055109550331
3600 0.024304379828280553
3650 0.014315828968444008
3700 0.013512149784756561
3750 0.019929744148115866
3800 0.013508112429317069
3850 0.04227033806706856
3900 0.013216246808702765
3950 0.0157146000222933
4000 0.01539721986765738
4050 0.03419624580143721
4100 0.01237265166253931
4150 0.030203375935989686
4200 0.01197337683379739
4250 0.012427315220956357
4300 0.01187006588843271
4350 0.027977984266147105
4400 0.01617953081909669
4450 0.011473043435941944
4500 0.011452642343236475
4550 0.012238549410537657
4600 0.011116607278346369
4650 0.032351055625432584
4700 0.012323319655493636
4750 0.011355019665320161
4800 0.014191498465914925
4850 0.012530832423188915
4900 0.010776524852360221
4950 0.015643907799567192
5000 0.013102489018191645
5050 0.011687861984913825
5100 0.010710812971869694
5150 0.010125327356553084
5200 0.010506588433937394
5250 0.010135412035299687
5300 0.009893439441371284
5350 0.009751753590595802
5400 0.010025301664268483
5450 0.01019099233003873
5500 0.00975503256503891
5550 0.009634587775458952
5600 0.010041817555941156
5650 0.009239857143360687
5700 0.009270638709007503
5750 0.009580396314818818
5800 0.008672488625063427
5850 0.009345631034015596
5900 0.009387068897830073
5950 0.008800011539555577
6000 0.019394612932168986
6050 0.009166229401415964
6100 0.009082678579544706
6150 0.03787297906002679
6200 0.009250790334437816
6250 0.009475697207579752
6300 0.0171256159330881
6350 0.009908453109268866
6400 0.02380573927635888
6450 0.012922814920911371
6500 0.00856042847909817
6550 0.01903450900502479
6600 0.009765483117104309
6650 0.009769426772427463
6700 0.008940464240128919
6750 0.009035443022025141
6800 0.008830932821525729
6850 0.008493664001017778
6900 0.009186226927317746
6950 0.008979466111993191
7000 0.008602196647110531
7050 0.008159997773874874
7100 0.011871643545908788
7150 0.008436870618412348
7200 0.00831616088904562
7250 0.014962420466767181
7300 0.009429509109407076
7350 0.009199253794345413
7400 0.009307799619347449
7450 0.011449144103198413
7500 0.05990172185401371
7550 0.009068650355470512
7600 0.008392548017692784
7650 0.0089607455735411
7700 0.027827363868984892
7750 0.00895220546680768
7800 0.00805149663526519
7850 0.011367408641701786
7900 0.008347434713568738
7950 0.008046952175403688
8000 0.008351191824426243
8050 0.01456485522184779
8100 0.008176851103215178
8150 0.008264253462779281
8200 0.009411437173727956
8250 0.00872017561444652
8300 0.012017292338773702
8350 0.011786093395536162
8400 0.00831973406396755
8450 0.014946158304665964
8500 0.00801161090517035
8550 0.02164364392439197
8600 0.013373786628083114
8650 0.007722905322004126
8700 0.010308512571757425
8750 0.007847318999647286
8800 0.008162528016814318
8850 0.012972268192389095
8900 0.008072170716468176
8950 0.007863823981801975
9000 0.007428517070054147
9050 0.007748249230673981
9100 0.014679581575867625
9150 0.007924496274408763
9200 0.007863049131565313
9250 0.007492036150339026
9300 0.017216865706839442
9350 0.007842968801232105
9400 0.011625260640781997
9450 0.008013777026089406
9500 0.008756083461606261
9550 0.019114989644476645
9600 0.007919013040774012
9650 0.00787377802508387
9700 0.009286067208190963
9750 0.007828764488705037
9800 0.04756720088289862
9850 0.0082863660656874
9900 0.007427285335266288
9950 0.007550756591584438
10000 0.011553807834882161
10050 0.007571042606921218
10100 0.0073446581338671236
10150 0.007561280668062195
10200 0.007306261284542754
10250 0.007113902704966234
10300 0.007358778256158446
10350 0.00740662864232373
10400 0.007227472330777039
10450 0.007225122420744309
10500 0.007009690514067007
10550 0.007032180399007541
10600 0.007116329473437102
10650 0.007300071702470582
10700 0.007264175323778129
10750 0.007147924462160345
10800 0.007108116548608819
10850 0.007115762190339756
10900 0.006916628974894236
10950 0.007049724768356068
11000 0.007222411529572892
11050 0.006741936295431932
11100 0.006602273569001969
11150 0.0076224084461834025
11200 0.006995476220869422
11250 0.007171373793111591
11300 0.00951431131316206
11350 0.0068682241569159395
11400 0.006991471615309489
11450 0.03661028609148712
11500 0.007055594448129953
11550 0.006683981458507076
11600 0.00666175882192169
11650 0.00679997153442397
11700 0.007490129653529574
11750 0.00703578438344577
11800 0.008680058992959393
11850 0.0067069004820827895
11900 0.006348727067681243
11950 0.011584149529657408
12000 0.006823999256989864
12050 0.007542329422966325
12100 0.009413374720183299
12150 0.0067841656792345046
12200 0.008500432017051224
12250 0.006677391525899342
12300 0.007931005018218343
12350 0.005957385556394709
12400 0.006474165900877752
12450 0.009613836600862898
12500 0.0074878040950029125
12550 0.009697493979626683
12600 0.006724259884702934
12650 0.008790189658562446
12700 0.006940950493214691
12750 0.0145268391430069
12800 0.006389427282262912
12850 0.009578892427395957
12900 0.006501412430842539
12950 0.0065207642415508185
13000 0.01292354964118467
13050 0.008181410337183866
13100 0.0059295082043360455
13150 0.006670322570943343
13200 0.006784826185507447
13250 0.00837499689810911
13300 0.0062404312701829535
13350 0.0063952595021119045
13400 0.007126094469099421
13450 0.006308364560529853
13500 0.007601346092519612
13550 0.006416028287156979
13600 0.006866625154494738
13650 0.005957455169013912
13700 0.025002274168667443
13750 0.006494832391504476
13800 0.006327282755720259
13850 0.006533176680242921
13900 0.007214255884733091
13950 0.006264401874768329
14000 0.006546584021199106
14050 0.008035438593543618
14100 0.006316401771495501
14150 0.012568501631927948
14200 0.006289898789936014
14250 0.006613276399070663
14300 0.006795866119020551
14350 0.006087947813470983
14400 0.005950904932243034
14450 0.007165757555183796
14500 0.006140603200496438
14550 0.006204578657628955
14600 0.006194308930100083
14650 0.0060646962760973495
14700 0.006346291198586697
14750 0.005835428809688381
14800 0.006524742468269205
14850 0.006213668889348323
14900 0.005960281666082497
14950 0.009047535922465464
15000 0.006603551690679824
15050 0.005936452606436289
15100 0.0059644530699599066
15150 0.008355740438379841
15200 0.006120502312216071
15250 0.006366239639949817
15300 0.006400886362181701
15350 0.007541812886622293
15400 0.014055097922517443
15450 0.005815853041683856
15500 0.011411764817609688
15550 0.005761301777925599
15600 0.0074454294778699475
15650 0.008237959190007355
15700 0.005949923588521651
15750 0.006190480991161537
15800 0.005521112826858878
15850 0.0074506381618972585
15900 0.014935902207275373
15950 0.0060203761928038346
16000 0.005625251814671483
16050 0.012470252744319154
16100 0.005698365742291311
16150 0.005818626905276445
16200 0.006599922365482318
16250 0.005929461785326543
16300 0.005985990017489055
16350 0.008197021774972472
16400 0.00609181899250935
16450 0.006156798569014029
16500 0.006133789784835077
16550 0.006176673220180895
16600 0.005724934342163491
16650 0.006036634789592827
16700 0.007996153277675066
16750 0.005900309145886014
16800 0.006029071582158764
16850 0.01138372870831291
16900 0.005960236088423671
16950 0.00583404582072555
17000 0.012577027380310045
17050 0.00561066241053475
17100 0.006906653468594541
17150 0.005920689811825471
17200 0.006296122402602233
17250 0.0053974769502206305
17300 0.007913238555192692
17350 0.005846256294933349
17400 0.006885910825266392
17450 0.007774387279137098
17500 0.019046745852886057
17550 0.00575189751857691
17600 0.006931438691760516
17650 0.00601993118466382
17700 0.005457253323287135
17750 0.006102953019568114
17800 0.005567366300154274
17850 0.00624876568733637
17900 0.014412572281479548
17950 0.006234239662020434
18000 0.006757704769258759
18050 0.015649642071179855
18100 0.006051536478449089
18150 0.00832809804359583
18200 0.0051581968747653
18250 0.009457155340118773
18300 0.007051735787642959
18350 0.005666713217763414
18400 0.008407786477651454
18450 0.006035147420418207
18500 0.005581611385336246
18550 0.010371065607120105
18600 0.005621796014018262
18650 0.013361360612054644
18700 0.005271201355495711
18750 0.005500238719933421
18800 0.010771966187661252
18850 0.006004756928999892
18900 0.005964614452695524
18950 0.00983203255199029
19000 0.005423475126648571
19050 0.0054088926652687015
19100 0.005710894594025024
19150 0.005572972599036928
19200 0.006842986974643941
19250 0.005545910802921091
19300 0.027323712080293966
19350 0.005289659769377962
19400 0.005316818767339269
19450 0.005888426036225145
19500 0.006167920000782169
19550 0.005400719802425958
19600 0.008642089427077091
19650 0.0053289642407011555
19700 0.005507616119662593
19750 0.005784259331762086
19800 0.0053344307095018325
19850 0.005506929870479582
19900 0.018644359992498673
19950 0.005224928059672835
20000 0.005679952503322934
20050 0.005169307188107253
20100 0.005288799997238495
20150 0.005161506090502319
20200 0.005356046644564046
20250 0.0051375237964382
20300 0.0053007850465283685
20350 0.004997571352817526
20400 0.005115156674562698
20450 0.004966471377554074
20500 0.005482464150633387
20550 0.005398652642619854
20600 0.004983154905500338
20650 0.00512478436688196
20700 0.005213237225034143
20750 0.0051375168863112206
20800 0.005083430346224698
20850 0.004910828098584072
20900 0.005080992105894449
20950 0.005124188486862658
21000 0.005020146938533833
21050 0.005238579335804386
21100 0.005373750684714261
21150 0.005182083772982295
21200 0.005332516644436478
21250 0.005449993505312704
21300 0.005768053867659218
21350 0.005006038387254408
21400 0.006492127535883155
21450 0.005522085466681901
21500 0.005016766371311564
21550 0.0050106243818204485
21600 0.0054169737231561325
21650 0.004887536822678554
21700 0.005269870232444479
21750 0.005036765477767199
21800 0.007426824683251329
21850 0.005205240293560783
21900 0.004955571439847442
21950 0.004749702247026713
22000 0.00504360491880601
22050 0.005075428080144509
22100 0.004672039545720541
22150 0.005911471255491454
22200 0.004767888396729491
22250 0.005196675039748519
22300 0.005794766877834346
22350 0.006881219209949464
22400 0.005408987972088408
22450 0.00576662011445459
22500 0.00485909799123064
22550 0.005005893126143208
22600 0.0046362197333315305
22650 0.005254750113081042
22700 0.004925476415311905
22750 0.005497458883643841
22800 0.0061994240682114645
22850 0.005401179438474864
22900 0.007847930117008536
22950 0.004872694418822854
23000 0.004766725635419901
23050 0.005218439048830296
23100 0.004873051811615903
23150 0.005370709357268008
23200 0.004461071514270332
23250 0.004986013267483342
23300 0.004966718374687882
23350 0.0047783714671587995
23400 0.005045910781218517
23450 0.004779347501042517
23500 0.004764011976711461
23550 0.005716549044871321
23600 0.005463344240496894
23650 0.004590410745958848
23700 0.007326675872159174
23750 0.004641490123386698
23800 0.004672059380968062
23850 0.009409319317669276
23900 0.004971536908311488
23950 0.004968158382178962
24000 0.005043069647855137
24050 0.004720105295629972
24100 0.005286198638279247
24150 0.005082739318541416
24200 0.004767374478001972
24250 0.012233591605642975
24300 0.004841170836228923
24350 0.004870238420599964
24400 0.004663145732302361
24450 0.005514557148925748
24500 0.004449683915800102
24550 0.006009770794213215
24600 0.004705046815662907
24650 0.004904893507768198
24700 0.010224976009899201
24750 0.004933053736369736
24800 0.004790685360716129
24850 0.011799444142396654
24900 0.0048373456789745795
24950 0.005231902505806152
25000 0.004613745290785956
25050 0.004900507443033624
25100 0.008766922569627874
25150 0.004701094101180609
25200 0.004810485982209698
25250 0.005348347081950259
25300 0.004496039116808688
25350 0.004987748171629197
25400 0.004718251711300293
25450 0.00477881702584568
25500 0.004538452367599033
25550 0.004448837596489036
25600 0.004610060314277597
25650 0.004753416609091665
25700 0.005372204522374188
25750 0.005069317178257018
25800 0.004435413243856636
25850 0.0044076611744954365
25900 0.004534116271610899
25950 0.004655181736545911
26000 0.0045409932248932075
26050 0.00445499651652067
26100 0.0046386398227494215
26150 0.005396136038275313
26200 0.00484700742814068
26250 0.00471460548420628
26300 0.0050200070482089455
26350 0.004398951096114524
26400 0.0051709810823493295
26450 0.005277725515507367
26500 0.004542096773472033
26550 0.005484327268458536
26600 0.005745224799596985
26650 0.004479571632000268
26700 0.010988771820642972
26750 0.004677568301272683
26800 0.00554051369481629
26850 0.004420634156626547
26900 0.004490802685519061
26950 0.015040347770925716
27000 0.004360189317441376
27050 0.004348122733490811
27100 0.00441269754753837
27150 0.0047494439023899465
27200 0.004427649220205546
27250 0.0049921800104278475
27300 0.00447587753017884
27350 0.005147363293452224
27400 0.004397761047096
27450 0.004396309575130225
27500 0.00440954090653918
27550 0.007278701859889475
27600 0.004624509676535038
27650 0.004462514538312513
27700 0.005682236734495266
27750 0.004633969139670502
27800 0.012905060833100912
27850 0.0044039780438466175
27900 0.004535135518050741
27950 0.0045396630366238335
28000 0.004528097500734677
28050 0.004375319025720819
28100 0.00957126896671582
28150 0.004363765114215447
28200 0.005295883972987711
28250 0.004824843778166612
28300 0.004353055014568243
28350 0.005061126735658009
28400 0.004414026068362389
28450 0.00426900880728977
28500 0.0044307780763419655
28550 0.004430075143945431
28600 0.005158058140576088
28650 0.004813835880772409
28700 0.0042610935388095374
28750 0.005122054684001525
28800 0.004383424019062467
28850 0.004206539520647609
28900 0.004683439583490393
28950 0.004883821487033053
29000 0.0044353618177743
29050 0.008648570825328864
29100 0.00435088995241005
29150 0.00485289648543694
29200 0.004694217079496535
29250 0.004694738921145005
29300 0.00595634365646347
29350 0.0054268314153285615
29400 0.0062645148156640264
29450 0.004053382082747964
29500 0.005224833138481745
29550 0.005196243117206184
29600 0.011715958052958213
29650 0.004209831047192202
29700 0.005264400259129345
29750 0.012152740934694227
29800 0.004376630750792605
29850 0.0041491966033165165
29900 0.00786058329754813
29950 0.004352576669672017
30000 0.004929098570691414
30050 0.004555348953691449
30100 0.004432603931454985
30150 0.004641886096284071
30200 0.004156213745529418
30250 0.004507367801327284
30300 0.004557190924959481
30350 0.004597774846081831
30400 0.004808593886045846
30450 0.0042634313225950815
30500 0.006667173146292827
30550 0.005411229203227966
30600 0.01546613740267895
30650 0.004306799310549008
30700 0.004366029985155438
30750 0.004309710222792276
30800 0.004554462054305637
30850 0.004637598190326336
30900 0.004197589453263999
30950 0.00407898681761003
31000 0.004451126995900298
31050 0.009456859024792059
31100 0.004350327501390533
31150 0.013366975720223256
31200 0.004156588786469239
31250 0.00408297950411075
31300 0.004463701043693019
31350 0.005922437160505445
31400 0.0042795683210539006
31450 0.004525801910169616
31500 0.00475250397198665
31550 0.004239015372905565
31600 0.004033808852365046
31650 0.0040937893520695484
31700 0.0048277099390014264
31750 0.005060560769193113
31800 0.004518488121908833
31850 0.012572026024160597
31900 0.004233191689868125
31950 0.004431063834985405
32000 0.005021810329200756
32050 0.00433027432546979
32100 0.004126630843815791
32150 0.005164391261977719
32200 0.0042380944533954735
32250 0.005914613832126275
32300 0.004166673633265037
32350 0.004542014889745698
32400 0.003916507822338228
32450 0.004414412003957063
32500 0.004181645670019503
32550 0.011675188892779397
32600 0.004067597078059003
32650 0.003961252257759286
32700 0.004857947772399594
32750 0.009386404893596795
32800 0.004048645789560285
32850 0.004040742628312518
32900 0.008241316676628151
32950 0.0043380488471523575
33000 0.004242848483050357
33050 0.010367740073997872
33100 0.00420216647516753
33150 0.004448083755753783
33200 0.00688119177175276
33250 0.003989137619074469
33300 0.00841980504872685
33350 0.004064023255517757
33400 0.004155479735988737
33450 0.014332395531036487
33500 0.004343491930125719
33550 0.004005029110611288
33600 0.004543767165967354
33650 0.00607402020135975
33700 0.004113535046612554
33750 0.0054197231990631735
33800 0.005732822410891765
33850 0.004176518963717334
33900 0.004063466991448282
33950 0.004091136484664773
34000 0.004037779097221688
34050 0.004154997929031438
34100 0.004029001820418754
34150 0.0045026301120107215
34200 0.003898111911735317
34250 0.008527423620036646
34300 0.00396236255462908
34350 0.004691559921004915
34400 0.004172989317743798
34450 0.004638001907092815
34500 0.003971256065115203
34550 0.004093306282684313
34600 0.00401005438124611
34650 0.004036679762573889
34700 0.010891970659928573
34750 0.004668798928673073
34800 0.004019755485710351
34850 0.003998296756972409
34900 0.0041983225803707055
34950 0.008570305695014688
35000 0.003890848164822244
35050 0.003893285804324197
35100 0.0038653443534394163
35150 0.004068175610626985
35200 0.00396344741042755
35250 0.0037178952105501478
35300 0.00417199345952466
35350 0.004182289725201865
35400 0.0041913376643430865
35450 0.0037469661041746737
35500 0.003955763757499468
35550 0.003945837717599512
35600 0.003912783428323268
35650 0.003890222047697978
35700 0.004271669819918861
35750 0.003980213839327937
35800 0.004047068948584004
35850 0.004054668344412942
35900 0.0040144559026156785
35950 0.004157006105499645
36000 0.004031255530801696
36050 0.004228560518723549
36100 0.004014969221375846
36150 0.003865444152340956
36200 0.003853541038571672
36250 0.003907122838254487
36300 0.0040810377513647
36350 0.004135502876196246
36400 0.0045399392490392005
36450 0.0038526408015823336
36500 0.005666279096023518
36550 0.004226514671781929
36600 0.004347520172018638
36650 0.0038547986797023304
36700 0.006124224877709284
36750 0.004110248619916782
36800 0.004249753398579173
36850 0.004055914957321805
36900 0.0038710367671760536
36950 0.0039006570328064525
37000 0.004112953220324427
37050 0.003976354534586634
37100 0.003947014173588254
37150 0.0045361369572103705
37200 0.004181579094276233
37250 0.004504942548431926
37300 0.00388736824222481
37350 0.006010778414730484
37400 0.003871752227025093
37450 0.0042055685326483575
37500 0.003996663368736089
37550 0.003909719974005434
37600 0.0039839669191343696
37650 0.004103825470242398
37700 0.003873716755753624
37750 0.004033603292782919
37800 0.004333170589258142
37850 0.004042263661229151
37900 0.003847012222173395
37950 0.0038839308764229506
38000 0.003724453899734176
38050 0.004491727485125667
38100 0.003865357543417989
38150 0.004415744165200168
38200 0.004152197581167724
38250 0.004318542681714481
38300 0.003996880179603211
38350 0.0037323710904958044
38400 0.004753775751948011
38450 0.004210253132647918
38500 0.0037864844830147364
38550 0.0037768691195927307
38600 0.004489570106355918
38650 0.0044049125539051765
38700 0.003830744401564804
38750 0.007284232121584021
38800 0.004000779659152416
38850 0.004149114691073765
38900 0.004081891860390854
38950 0.0065822825152139774
39000 0.0037099418998117716
39050 0.003777009806098451
39100 0.004485644403183001
39150 0.0035961178137276406
39200 0.004534281377461953
39250 0.004404478904483008
39300 0.0035915424667333665
39350 0.003930244169348043
39400 0.003806660952809059
39450 0.003714129615939767
39500 0.007167548984261554
39550 0.00398956484526067
39600 0.0038260354158530237
39650 0.003799615689923762
39700 0.004104271043304777
39750 0.003909664789649222
39800 0.004161419738310036
39850 0.0037118753392716064
39900 0.005201389343887418
39950 0.0039244314574368305
40000 0.003969972897762817
40050 0.004001728436083733
40100 0.004508352479921472
40150 0.00397151774662292
40200 0.0038509093895504006
40250 0.013179593779307395
40300 0.003649660222126885
40350 0.0037140794749789432
40400 0.003857910689200486
40450 0.0037231403398907945
40500 0.003731748879747371
40550 0.004032681879788548
40600 0.003912748136198211
40650 0.003965965416575588
40700 0.0053253157523098105
40750 0.0038324397939856316
40800 0.003914255962529577
40850 0.004870560133631154
40900 0.003932968888783153
40950 0.004125592495479459
41000 0.0041918901499858295
41050 0.0037566770007609247
41100 0.003829720294366155
41150 0.003861721873659971
41200 0.003851037106197028
41250 0.004650866437009232
41300 0.003808439971864039
41350 0.004849196762527445
41400 0.0036268715572795123
41450 0.003895220446379332
41500 0.0036930572807806223
41550 0.0037779348184338903
41600 0.0037874512673548065
41650 0.003692489028210996
41700 0.006113279043467796
41750 0.005066989746767766
41800 0.003726070024917476
41850 0.0037623332641888597
41900 0.003856180640366617
41950 0.0037749896106050985
42000 0.003488689128923625
42050 0.004737617105819873
42100 0.004537881899489974
42150 0.0048359218128953925
42200 0.004313813597849418
42250 0.00443798708490568
42300 0.003721327095033989
42350 0.0037349014247663784
42400 0.004446458684178003
42450 0.003521502531269059
42500 0.005217700248596296
42550 0.006280898808798839
42600 0.003721724057258764
42650 0.0038615486072400844
42700 0.004391978327455247
42750 0.003487849466376906
42800 0.003472102311779769
42850 0.00402175447398972
42900 0.0038498939991364603
42950 0.003709757380703269
43000 0.0037433229761070137
43050 0.004193775132218023
43100 0.0038774525224826864
43150 0.004991671409323694
43200 0.0035288872076287177
43250 0.006505602750132479
43300 0.003889507699225969
43350 0.003677430389368631
43400 0.003923910371499628
43450 0.004041253987958325
43500 0.003823675701975109
43550 0.004203824923704168
43600 0.003904186637855804
43650 0.004131934581131276
43700 0.004142873716614959
43750 0.003879511667521951
43800 0.003480906009489967
43850 0.0040491761395764405
43900 0.0038710883549841557
43950 0.003602728706876931
44000 0.003720905101365509
44050 0.0036648275847940438
44100 0.004592204517076641
44150 0.003650082647683895
44200 0.0036249876913534134
44250 0.003911713771153331
44300 0.003757864706950242
44350 0.0038049072488393035
44400 0.0035595649191432436
44450 0.0037758572942319653
44500 0.003647250450088761
44550 0.0037648961730263795
44600 0.007908094940354464
44650 0.0036084809831075167
44700 0.004033191713841985
44750 0.0035176538718122586
44800 0.0067887242000492405
44850 0.0036634485110124144
44900 0.003628733636793777
44950 0.0037541681486623645
45000 0.0052459628235558085
45050 0.003653976970455803
45100 0.003712804345720991
45150 0.003453031451651811
45200 0.0037189844173668644
45250 0.0036380901553159616
45300 0.004373172950646737
45350 0.003784661086591128
45400 0.003853051146192566
45450 0.0035783122054042302
45500 0.004150393427730945
45550 0.003652486968766343
45600 0.003549449183628107
45650 0.003503517649127772
45700 0.003370737708521539
45750 0.0037233409397569497
45800 0.0035624270023916784
45850 0.003914930856996939
45900 0.0038063669035528903
45950 0.004442265683851912
46000 0.0038156235161659166
46050 0.0036704065383503623
46100 0.003807689608314857
46150 0.003975995871266592
46200 0.0036420649902633774
46250 0.003593480926375895
46300 0.003597658042518281
46350 0.0036288684845817865
46400 0.007809800653570129
46450 0.00373478638444032
46500 0.003421314157273474
46550 0.004345713596102527
46600 0.00426463318484549
46650 0.0038171551378354783
46700 0.004280110587449569
46750 0.0033755536695139125
46800 0.0034885952687504296
46850 0.005420254170965836
46900 0.003754267812659664
46950 0.0038001116941521257
47000 0.004578366847806475
47050 0.003470030610055637
47100 0.0034778994291352126
47150 0.0035146435169724558
47200 0.003730197580454823
47250 0.003808373037864634
47300 0.0036238989103332267
47350 0.003522444526850024
47400 0.00388838668970222
47450 0.004282095633612661
47500 0.003943076108725323
47550 0.0035542571668324154
47600 0.003618956282667834
47650 0.0036005589099197223
47700 0.0037960907584263623
47750 0.003663658565491969
47800 0.003598313911671571
47850 0.004932733802031077
47900 0.0035383569886462884
47950 0.003466225042682666
48000 0.0035429492742819232
48050 0.0035404636088582357
48100 0.0034414278631496333
48150 0.0033308741406645856
48200 0.003562303285291303
48250 0.0033634265037944693
48300 0.0035458111057056936
48350 0.0034539838643377575
48400 0.0032978328415026576
48450 0.003592542345469183
48500 0.003485841783493105
48550 0.003367457977898022
48600 0.003663956998039825
48650 0.003601474633946451
48700 0.003579816620237875
48750 0.003441565036549938
48800 0.003529144716722305
48850 0.0035323098742485884
48900 0.0034356206384303944
48950 0.003347016880215435
49000 0.003468596092813444
49050 0.0035630649330223594
49100 0.003650308321986741
49150 0.003669792008329481
49200 0.0034856895744889466
49250 0.00349923940498595
49300 0.0036594397236556567
49350 0.0034249593037128873
49400 0.0037550798221349445
49450 0.00381672532648438
49500 0.0033255170857349543
49550 0.0033576270236646767
49600 0.0037199667091556395
49650 0.003994376005055051
49700 0.0036944941320020295
49750 0.0033405890575141316
49800 0.003426240927291721
49850 0.0034316718394715473
49900 0.003512481835604007
49950 0.0035339829658150635
50000 0.003532868778511512
