50 0.18908628014361084
100 0.11964038166259898
150 0.11512964847294548
200 0.10399452894459256
250 0.09312420324652745
300 0.08270967005314897
350 0.07403839257245737
400 0.06550665845642589
450 0.0552345873874953
500 0.04824238398395519
550 0.0438525651389608
600 0.04121249224271254
650 0.03853658100015789
700 0.0325226481513974
750 0.03205683955573271
800 0.02971288392871715
850 0.030420192439122824
900 0.0344927995977463
950 0.05495213456024763
1000 0.026670433368350843
1050 0.034297785271212695
1100 0.025792863559513407
1150 0.04336828547018553
1200 0.024972131349855528
1250 0.02390821963137119
1300 0.054123798179970914
1350 0.022969020367285656
1400 0.05240975617037492
1450 0.02334808711318388
1500 0.027603066280009605
1550 0.022452213656432265
1600 0.020301119922223877
1650 0.03969766292791128
1700 0.02072689801801709
1750 0.01988347069222772
1800 0.02101672439628017
1850 0.026645550439584432
1900 0.018542034208505552
1950 0.02025195244457743
2000 0.019540399697899166
2050 0.019235789579696207
2100 0.07738260269002191
2150 0.018090335713033763
2200 0.016923577382619136
2250 0.022808876026491738
2300 0.018239006349802727
2350 0.0170089246861163
2400 0.06647408306252653
2450 0.01939193160170826
2500 0.015755771796008258
2550 0.017658485585803855
2600 0.018104470375329137
2650 0.016214268558728703
2700 0.016920244751353234
2750 0.018646077893454092
2800 0.02662600813173071
2850 0.019663506448818487
2900 0.0418971357629675
2950 0.015502281452607585
3000 0.04371485753993707
3050 0.0173186073615554
3100 0.014650765611550364
3150 0.015069100829086189
3200 0.015595259390235984
3250 0.02681105672810113
3300 0.015132475515874216
3350 0.02253744533735825
3400 0.014749788053688557
3450 0.08454660288814711
3500 0.016678919632363516
3550 0.015110198243634165
3600 0.033234837701091854
3650 0.014856496310185346
3700 0.015178857222415678
3750 0.014726880552191002
3800 0.0202336659727325
3850 0.014017058690687955
3900 0.01945280669869342
3950 0.013868118866249678
4000 0.020646401079981072
4050 0.013551381192548059
4100 0.01388675604334286
4150 0.015983193806042323
4200 0.01280595229450109
4250 0.04806488679791983
4300 0.012929051109749888
4350 0.014400398028439051
4400 0.014851000620972513
4450 0.013848632073309004
4500 0.012967732946909272
4550 0.016901599982089528
4600 0.014126603977588385
4650 0.012773937408572208
4700 0.013021807963230133
4750 0.013734838125632457
4800 0.013180975751092495
4850 0.013595156956305232
4900 0.01419150216560791
4950 0.013744765882506362
5000 0.012455903049996359
5050 0.012400834268480465
5100 0.01278833855013769
5150 0.01224375798993183
5200 0.012905698600348155
5250 0.012013073553442673
5300 0.012501811244818714
5350 0.011748955827348253
5400 0.011842202326788565
5450 0.01057744543374283
5500 0.011746388863479075
5550 0.0112341791456409
5600 0.01204566844966332
5650 0.011128196002398444
5700 0.012190930804247626
5750 0.011101284382728052
5800 0.01112142773610022
5850 0.01182662296355995
5900 0.022240326227228383
5950 0.012659020507169135
6000 0.011780388628852794
6050 0.021044629583976415
6100 0.010918119612375576
6150 0.014014045610696663
6200 0.013355640557623779
6250 0.01583811781532401
6300 0.01091806517419914
6350 0.013694282756450843
6400 0.010227224566157125
6450 0.01129304256868754
6500 0.011516782757942403
6550 0.022045990226892027
6600 0.010509638816764102
6650 0.011079319200927992
6700 0.014079302542490464
6750 0.012623660332438459
6800 0.010473894406330906
6850 0.010508587014318721
6900 0.011718013211960155
6950 0.012373450642109483
7000 0.013195876175908021
7050 0.010055819494284126
7100 0.010653805077309581
7150 0.010328524776294104
7200 0.01272759874521502
7250 0.009899475175222114
7300 0.011439214918911367
7350 0.010909631420190493
7400 0.010778846955657164
7450 0.016759452017528285
7500 0.0102986056967757
7550 0.010017862366694082
7600 0.011891223132560927
7650 0.018734483333712783
7700 0.012705623989019348
7750 0.01711930681324924
7800 0.019653927911567722
7850 0.024588465448144244
7900 0.009951329084354327
7950 0.029969441650729324
8000 0.009994214205008935
8050 0.009851830200994834
8100 0.01128852217956567
8150 0.009521157537393044
8200 0.010048005789160276
8250 0.010455079180673718
8300 0.011692714313826633
8350 0.015257344792963206
8400 0.009700353750425139
8450 0.012825270951307949
8500 0.009508724507290369
8550 0.012423761638774587
8600 0.013128982217923996
8650 0.011311462151194695
8700 0.00994756660679394
8750 0.009448180697222352
8800 0.00991333684924196
8850 0.024099734447969375
8900 0.010013270627012526
8950 0.009925592406316951
9000 0.00922352092346569
9050 0.011308024256734706
9100 0.00977104020403094
9150 0.01913853000751303
9200 0.010956772696889612
9250 0.009927961858107471
9300 0.022803537179136895
9350 0.034051563862374276
9400 0.010155111921571295
9450 0.015708877323221904
9500 0.012351922724023537
9550 0.009990634566704003
9600 0.009556880629952373
9650 0.01028613095997996
9700 0.00909598614086368
9750 0.009577887744304538
9800 0.014074500196223397
9850 0.009549103397314247
9900 0.011103653952474112
9950 0.012198560122751582
10000 0.013927257244381056
10050 0.009272067106117374
10100 0.008934904460534854
10150 0.00909480215422584
10200 0.008596082884686032
10250 0.00867143919036638
10300 0.00859499516495504
10350 0.00843970316012827
10400 0.008511934913076896
10450 0.00825940377848501
10500 0.008173041519751092
10550 0.00821714135915523
10600 0.007690776767037545
10650 0.009176165077368213
10700 0.00887761276908248
10750 0.008500656686095646
10800 0.008157513453602662
10850 0.00804116054502234
10900 0.00832330289263896
10950 0.008713752704108768
11000 0.009314012214343387
11050 0.008030787830559554
11100 0.008186713506130105
11150 0.008066326092882574
11200 0.01354562207205397
11250 0.008831884974995725
11300 0.011498595151963864
11350 0.01797318366142621
11400 0.009119678580871031
11450 0.010614841875876777
11500 0.009082599465602005
11550 0.008498920582528588
11600 0.008296359066229555
11650 0.011060800614743268
11700 0.00926274166027462
11750 0.016843002643517065
11800 0.008197887780604792
11850 0.009005035665303987
11900 0.03838481046537273
11950 0.007593368252809772
12000 0.007665636056316372
12050 0.007652682922656052
12100 0.007698765118675817
12150 0.00863327587383529
12200 0.008525910993657206
12250 0.00808200911603845
12300 0.007450594937864558
12350 0.0076276993152920155
12400 0.008116680044874309
12450 0.00791812829582807
12500 0.012329319402087268
12550 0.008250185945639539
12600 0.01379914623668424
12650 0.007221270746347566
12700 0.007667131220142195
12750 0.012770012982147852
12800 0.007843671918528939
12850 0.00844356309040214
12900 0.007512290514506258
12950 0.007529366945075288
13000 0.008738676156156663
13050 0.007335597985118907
13100 0.011334878756264483
13150 0.007405717714381865
13200 0.007974045343953105
13250 0.010232978489739218
13300 0.016671338768407016
13350 0.007588989505613694
13400 0.007014730923025558
13450 0.011932208450173933
13500 0.014015137876138213
13550 0.007552229155463185
13600 0.01583292097852095
13650 0.007705407770111205
13700 0.008198203554161046
13750 0.007520433254551486
13800 0.007376753902404578
13850 0.0072355357553995255
13900 0.00985312831597308
13950 0.009204474616864033
14000 0.008506070230593576
14050 0.008041919177342234
14100 0.007984417790314769
14150 0.006442372774468206
14200 0.008806670854160157
14250 0.007272858897925471
14300 0.006879871948325262
14350 0.007082908558755579
14400 0.00780800615440196
14450 0.006840568656053379
14500 0.0074661926730901175
14550 0.0180203081426956
14600 0.009725640429328395
14650 0.02217982330499492
14700 0.006712169448968738
14750 0.007174740158163642
14800 0.0085020197860866
14850 0.00707036087034332
14900 0.006699301327230354
14950 0.007513003509036096
15000 0.007026279959231795
15050 0.009192943006748062
15100 0.008312818005242315
15150 0.006886674160580982
15200 0.018072489660098758
15250 0.006864983536609152
15300 0.007259483197055694
15350 0.01067937546927183
15400 0.011173906365614062
15450 0.00866431658739169
15500 0.006616102065221354
15550 0.008811243003000065
15600 0.006751484984614519
15650 0.009010527589141715
15700 0.00820838604032473
15750 0.010272022385550415
15800 0.00635668077401228
15850 0.006960863146892819
15900 0.007387942322394245
15950 0.008131859023587628
16000 0.006700853860788399
16050 0.007955334192848156
16100 0.006442245299482873
16150 0.008197756624846802
16200 0.006659934763988487
16250 0.008878992915588463
16300 0.0065781184380715235
16350 0.006745438306206722
16400 0.014220145269208754
16450 0.008299930229874247
16500 0.006355137325072778
16550 0.007248570007572728
16600 0.009306636843122442
16650 0.006072732123148321
16700 0.006767302695986964
16750 0.008537012520352454
16800 0.006980455822064316
16850 0.006744616187615651
16900 0.006787802215601546
16950 0.011599049310820566
17000 0.008513704863623583
17050 0.016548890752710176
17100 0.006690833723285014
17150 0.008497215199017024
17200 0.006967042353582801
17250 0.006206747140213188
17300 0.009374577528692586
17350 0.005931675867827315
17400 0.006477475592905575
17450 0.007804779976169952
17500 0.006478954730485371
17550 0.021514436893103322
17600 0.006419708305356029
17650 0.006267026798882763
17700 0.006622027514150578
17750 0.006635521828557898
17800 0.009208896787390874
17850 0.007201162991003529
17900 0.006557002549863428
17950 0.0062298014019787195
18000 0.0060393247257635296
18050 0.0069615821781266385
18100 0.012811127615017714
18150 0.007363873691547829
18200 0.02232768674426714
18250 0.006572582610075951
18300 0.006332249590508926
18350 0.008722872048567604
18400 0.006510632100732834
18450 0.006015921472210615
18500 0.01910298459018197
18550 0.006288539596056402
18600 0.016671455315042345
18650 0.005960781742367987
18700 0.006232561280864766
18750 0.006312849829719962
18800 0.010694670585584352
18850 0.005850535149196141
18900 0.015541128440194814
18950 0.005979702093642934
19000 0.013522521661799921
19050 0.006403673675832629
19100 0.006225597488143944
19150 0.006389673455978649
19200 0.006158951682758995
19250 0.00908391377526329
19300 0.006352507447744257
19350 0.0062666852305548765
19400 0.006261159681766749
19450 0.0065096479073480555
19500 0.0062889582073461636
19550 0.00624575055799473
19600 0.006067234773756097
19650 0.0131815932560349
19700 0.006399028741141969
19750 0.013691154550091515
19800 0.006193785443632938
19850 0.006066128525748184
19900 0.009660149873467914
19950 0.006336000498894076
20000 0.0062789116203622085
20050 0.006059362522257374
20100 0.005944128042294257
20150 0.006106443706213921
20200 0.00631199110527097
20250 0.005594609313790518
20300 0.006118688051550799
20350 0.0058966898472032365
20400 0.005907399832006913
20450 0.00563757972316844
20500 0.0060063210811229836
20550 0.0059210472102751936
20600 0.0061713650024183405
20650 0.005822252718308059
20700 0.006002726237807029
20750 0.005762160997927977
20800 0.005703457120471774
20850 0.005989613073409942
20900 0.005842801634782119
20950 0.005605254933490994
21000 0.0062041860939591525
21050 0.005826170528416581
21100 0.006297932813446761
21150 0.00636475595236387
21200 0.006128018740317966
21250 0.009511302071703597
21300 0.005614949285985123
21350 0.006069067494320302
21400 0.005823188826542498
21450 0.007530144200341636
21500 0.005942457562860906
21550 0.006633418722345647
21600 0.005878628784122119
21650 0.007631699586914077
21700 0.0057683239357415525
21750 0.006492135933948542
21800 0.005904250733881403
21850 0.005939570541666841
21900 0.005992005521923823
21950 0.005777521384999867
22000 0.006746486288686453
22050 0.005523773960292345
22100 0.0062650413074705775
22150 0.006334745297469054
22200 0.006439582840761569
22250 0.006450962652105834
22300 0.008120923622409277
22350 0.005760324783114171
22400 0.005760333041712247
22450 0.009531634629874837
22500 0.005441604165290804
22550 0.005444903621227691
22600 0.005706001986492954
22650 0.0060339768713088375
22700 0.01037642967756297
22750 0.00547482836025366
22800 0.006074393764160157
22850 0.005591026975792941
22900 0.0063195763808660006
22950 0.005116881360552717
23000 0.0054629385784934785
23050 0.005515968724819389
23100 0.005368749051976757
23150 0.014584159779984993
23200 0.005347410046737627
23250 0.005891223938024685
23300 0.005600838204783384
23350 0.006937926713084988
23400 0.008121095071449359
23450 0.0058719373126458335
23500 0.005539247519378846
23550 0.0053413666798266994
23600 0.007774310180335795
23650 0.006204336114961431
23700 0.006510438116415804
23750 0.00919660974714405
23800 0.005685966520255901
23850 0.0053678145498847075
23900 0.00607432042806147
23950 0.005136841498761241
24000 0.00666881098286421
24050 0.007189532309852452
24100 0.005653027244477277
24150 0.005526459116061268
24200 0.005157486317231427
24250 0.011432756520093788
24300 0.005704462900564088
24350 0.006339035032430271
24400 0.005573110253974525
24450 0.005282743312691064
24500 0.005400790875975823
24550 0.005257043629015039
24600 0.0053313409107561835
24650 0.00539899053545386
24700 0.006910105093875836
24750 0.005609097600988674
24800 0.005800624727742122
24850 0.00520094508758362
24900 0.005702781083852675
24950 0.0055439186430069455
25000 0.005656865560000442
25050 0.006151012640295852
25100 0.005819380907914209
25150 0.006757755342565395
25200 0.005747752147035577
25250 0.006160245119898955
25300 0.005451761218711033
25350 0.007899409805475655
25400 0.00528009127204618
25450 0.005610401624297211
25500 0.005147060666225125
25550 0.0055033389442284775
25600 0.006760740958156866
25650 0.005591641540700794
25700 0.005072457592556553
25750 0.010127483811782328
25800 0.005120345067342462
25850 0.005074355911111984
25900 0.014730587717984113
25950 0.005316102825080819
26000 0.005153090477929085
26050 0.007372153169625227
26100 0.008228185781517813
26150 0.005768070594122379
26200 0.00530237461532738
26250 0.005071344012443533
26300 0.007521535347664231
26350 0.007728306627469895
26400 0.005161203221867118
26450 0.0060527233841828395
26500 0.005387079723685423
26550 0.0052612096359310224
26600 0.005598589694968136
26650 0.00514764129452264
26700 0.008278256296979028
26750 0.005217298319410209
26800 0.005608227572587681
26850 0.0060572135787045475
26900 0.005455815023647617
26950 0.006846939023524138
27000 0.0051008380788901235
27050 0.004997809610029343
27100 0.00513527513951061
27150 0.006020537224359597
27200 0.004799661071456894
27250 0.0074903023622285144
27300 0.005326644754876791
27350 0.006683750787310317
27400 0.005578835366226266
27450 0.00612584703716258
27500 0.005192456539061725
27550 0.0057276944079241695
27600 0.00591720719049397
27650 0.005736539190597987
27700 0.005247769856262743
27750 0.0050899900918172855
27800 0.004913742539051219
27850 0.005297429041599355
27900 0.005139210956497785
27950 0.005069590003233624
28000 0.006733550574568179
28050 0.0054392371836334144
28100 0.0050812801774775375
28150 0.00602866712738361
28200 0.005184006943854877
28250 0.011031217721715997
28300 0.005508707322788517
28350 0.00546922125768279
28400 0.00561741387828528
28450 0.004988411225314899
28500 0.005125750501340215
28550 0.004693849170926579
28600 0.004966111750112333
28650 0.015989493377103724
28700 0.004855425281785854
28750 0.004859999799782143
28800 0.006196690813923353
28850 0.01501578391873886
28900 0.005315173721202101
28950 0.005386959056626566
29000 0.01003667007450451
29050 0.00518741806981516
29100 0.00578394922154598
29150 0.0052396355667479475
29200 0.009360971150368802
29250 0.005408870586155636
29300 0.005625071784226234
29350 0.005983770301473193
29400 0.005455547394184216
29450 0.012773861639845495
29500 0.005462668961599859
29550 0.005052612422373497
29600 0.005942838358211815
29650 0.004750688817130511
29700 0.004868783108042135
29750 0.005325844323807815
29800 0.005379669360842319
29850 0.004975400630191228
29900 0.004733298636402182
29950 0.007045442736067516
30000 0.004694866129582354
30050 0.0053863535117788615
30100 0.004907861609501728
30150 0.0052641493902174695
30200 0.008197231540503067
30250 0.005977462965886388
30300 0.006340227933107665
30350 0.005014423255697261
30400 0.00504651785356671
30450 0.0051391597042450814
30500 0.00495407678335558
30550 0.0054064112045873036
30600 0.0050833330436193935
30650 0.0086335560290182
30700 0.004852848475869152
30750 0.005040327132455585
30800 0.005648944737952641
30850 0.005616414368933803
30900 0.004920241697815595
30950 0.01048352650616754
31000 0.004767172643913722
31050 0.0050695012208366915
31100 0.008205422550377924
31150 0.00482122370768751
31200 0.004947412164653588
31250 0.0048468256551096045
31300 0.005758545031820641
31350 0.004914537537736696
31400 0.00497267370777101
31450 0.004972762480296599
31500 0.005200147659699295
31550 0.0051841392932701486
31600 0.008387845138143588
31650 0.004898957658427398
31700 0.004938359868404124
31750 0.007277215110324716
31800 0.004476960590947483
31850 0.0048039741899085706
31900 0.004794334068971131
31950 0.0047583565739956315
32000 0.007684262296455458
32050 0.006752837141571806
32100 0.00660593891658665
32150 0.005315675835250586
32200 0.010781227654562292
32250 0.004484842454832716
32300 0.006942666503392205
32350 0.004489051731477071
32400 0.0050023588956368305
32450 0.004895816304465506
32500 0.0051107117352531825
32550 0.005254572528656748
32600 0.005852855845040772
32650 0.004768424873287553
32700 0.004663643455619915
32750 0.006359529962069193
32800 0.004924566402211199
32850 0.005764303587198353
32900 0.00487520233817177
32950 0.0072379297969726196
33000 0.004389407422800743
33050 0.00506528146665104
33100 0.0058082148398245145
33150 0.005987165075157533
33200 0.006588573084087137
33250 0.00646326791036955
33300 0.004887299288279609
33350 0.0046640122849291215
33400 0.004879518162452061
33450 0.0050630852864481145
33500 0.005091403766991099
33550 0.004813392808516231
33600 0.0046911405899843885
33650 0.005045856205871843
33700 0.012520080976632987
33750 0.004781567988498953
33800 0.004684094506005804
33850 0.004863088395354521
33900 0.009310600366208644
33950 0.004927941131618329
34000 0.005356674609336071
34050 0.004873440273828513
34100 0.004722398403433668
34150 0.008546041527282144
34200 0.004669069412671966
34250 0.004692279965290498
34300 0.004581352206817882
34350 0.005318663327261394
34400 0.004690242044343595
34450 0.006226680595285416
34500 0.0049305196429700205
34550 0.005054311288045073
34600 0.005607469256854667
34650 0.006403263894179486
34700 0.005439715051856431
34750 0.0046646889355232675
34800 0.005709252335548454
34850 0.0046194536753362166
34900 0.010443203318231205
34950 0.004697298262297377
35000 0.01885442081059139
35050 0.004636035888732616
35100 0.004583310102371129
35150 0.004589810320667119
35200 0.0045586537341206455
35250 0.004412630234342393
35300 0.004663941475797561
35350 0.0046044223574732744
35400 0.0047092751188907295
35450 0.0043756939290363105
35500 0.004510395484396339
35550 0.004501760784557047
35600 0.004666976873954088
35650 0.004589795105005112
35700 0.004485342411623635
35750 0.0043261394453822325
35800 0.004543241514253524
35850 0.004900658608125856
35900 0.004271021321187158
35950 0.004452969951321202
36000 0.004940785697695184
36050 0.004551824160877486
36100 0.004541825248583775
36150 0.004519551237801293
36200 0.004599093925245086
36250 0.004395121487707487
36300 0.004566101311296229
36350 0.004633853095729199
36400 0.004680438063251662
36450 0.005054833595097023
36500 0.005497505922876966
36550 0.00520053256657472
36600 0.0064953586977782776
36650 0.004865158019112806
36700 0.0046020595409670875
36750 0.0049939968017614035
36800 0.004735488794887638
36850 0.005005727431488153
36900 0.004972204517020448
36950 0.004678670550137453
37000 0.004593334837772775
37050 0.0050282665123244415
37100 0.00558662707370655
37150 0.004472747714997528
37200 0.004729155716141186
37250 0.004746317324546879
37300 0.004778508119197678
37350 0.004207507797297006
37400 0.011927111516593675
37450 0.004384972815451872
37500 0.004491389584753777
37550 0.004570941534472398
37600 0.005058737644848696
37650 0.005832814086648151
37700 0.004976533849988144
37750 0.004337972624980703
37800 0.005035069301602171
37850 0.0048132936176283475
37900 0.004433678302970104
37950 0.004489615342630886
38000 0.005412832091883392
38050 0.004459060131639676
38100 0.00801624103828376
38150 0.004523754164078381
38200 0.004675905148638195
38250 0.004556014032778762
38300 0.0042771040783552245
38350 0.004520592247720342
38400 0.00442923883516937
38450 0.004445156676004038
38500 0.004240557013472302
38550 0.0044067358179202855
38600 0.004543861962912676
38650 0.0044851896121037
38700 0.005586337419423393
38750 0.00643708186182372
38800 0.00467106224699478
38850 0.00438221306362145
38900 0.008155624002052492
38950 0.004297479315462716
39000 0.004309318460816231
39050 0.004473525514399139
39100 0.004930889835611216
39150 0.004807599606122327
39200 0.005492177120268503
39250 0.004385756783651099
39300 0.004619629000152715
39350 0.00438758398050972
39400 0.004433441022348773
39450 0.0045087070548039876
39500 0.00464916766595542
39550 0.004342380599637424
39600 0.005845545841681739
39650 0.0046480807386813285
39700 0.005020400208303853
39750 0.0065944614284307495
39800 0.005240513304908412
39850 0.004252104856778486
39900 0.008014294819917039
39950 0.004318114375167785
40000 0.0046245571814946705
40050 0.004600215912139409
40100 0.00481558870710857
40150 0.00471114627105046
40200 0.004567826408348545
40250 0.004231121170984909
40300 0.00421239701162966
40350 0.0042837755225687115
40400 0.005384571891701756
40450 0.004268856672058823
40500 0.004343124002141371
40550 0.004691154383601466
40600 0.004495314256057838
40650 0.004733444428930541
40700 0.0045248983722746446
40750 0.004311543465242008
40800 0.004146954506030882
40850 0.004627119334671995
40900 0.004991400308009092
40950 0.0042039209781552745
41000 0.004432532778098983
41050 0.004415817083594733
41100 0.004278337174108519
41150 0.004826927353344153
41200 0.003918721195947532
41250 0.004577397781415908
41300 0.0043236843621966385
41350 0.0049081558669390735
41400 0.004604443615330561
41450 0.004429760794437129
41500 0.005304274021709012
41550 0.004568468085084194
41600 0.006187010296632058
41650 0.004255050298712995
41700 0.004179426475981378
41750 0.0040828091250418325
41800 0.004257726250235629
41850 0.0045751228716546626
41900 0.003973038215629923
41950 0.00408442596782725
42000 0.0074464286472854194
42050 0.004226665205804616
42100 0.005459357940713806
42150 0.004340244298661563
42200 0.004665958220828949
42250 0.004164903147277978
42300 0.00438691371780922
42350 0.007165036676570466
42400 0.004203344805493963
42450 0.006267009682710994
42500 0.0045266496501438075
42550 0.004724820358811675
42600 0.0044824323106253125
42650 0.005101542426766912
42700 0.0043422219430890455
42750 0.004145423869066856
42800 0.004690551742016556
42850 0.005153099407603368
42900 0.00437225001122467
42950 0.004332320109221485
43000 0.005650871631309581
43050 0.004265560059456388
43100 0.004875491768559312
43150 0.0056293884922492595
43200 0.004258075581875172
43250 0.005524453649982083
43300 0.005094147778349455
43350 0.006012658830553939
43400 0.004154534334252326
43450 0.004424270765138788
43500 0.004499436570985819
43550 0.004828310321524405
43600 0.004355866567355093
43650 0.00472916463781617
43700 0.004172911611660253
43750 0.0042892191174730586
43800 0.004176839455926045
43850 0.004998280895513373
43900 0.004334505520019498
43950 0.0062038733994437345
44000 0.0039794666630802705
44050 0.0044164813117705355
44100 0.004827473547389009
44150 0.00419545332937764
44200 0.004254269403606378
44250 0.004253365410550886
44300 0.004292754819668646
44350 0.004186583192732452
44400 0.0042909795967215406
44450 0.004812708222733911
44500 0.004238243963377925
44550 0.004502113809358084
44600 0.00469251846351319
44650 0.004545132842706119
44700 0.0043349254070312645
44750 0.004294096114845653
44800 0.004498164398252812
44850 0.006101603252735693
44900 0.004681644258963976
44950 0.004152965853513551
45000 0.004162180031590777
45050 0.00563768352853214
45100 0.00452899576135965
45150 0.0041093548698978525
45200 0.00403701248593429
45250 0.005010672030116719
45300 0.004134549861571004
45350 0.005091331192664394
45400 0.004937482651442435
45450 0.003975553649371569
45500 0.004473027377820941
45550 0.00396981727676709
45600 0.004019323303487863
45650 0.007111810335956271
45700 0.0041517536475861845
45750 0.005814392428560162
45800 0.004500263054309045
45850 0.004043838113701263
45900 0.004297435532252446
45950 0.003992967689750204
46000 0.004324066284257163
46050 0.005038413544422992
46100 0.003895908344269706
46150 0.004324875813964714
46200 0.0045691951280080745
46250 0.004338407540175927
46300 0.0038651170925676397
46350 0.005548183807630051
46400 0.004367310497606622
46450 0.003986300232092613
46500 0.005045211044349871
46550 0.004314889495327497
46600 0.004081871764244046
46650 0.004065647986579394
46700 0.0040086082986006705
46750 0.0044174224578077325
46800 0.006326251554860233
46850 0.003943838503082656
46900 0.0045815097708428315
46950 0.004786666394885979
47000 0.004131273441539252
47050 0.005762915738508345
47100 0.004438891744628434
47150 0.005079748142832073
47200 0.0046234867668283304
47250 0.003949461572035663
47300 0.004663356073687388
47350 0.004008724355242851
47400 0.004502263779130551
47450 0.004290416652408016
47500 0.005768963737314215
47550 0.0041387102606456625
47600 0.0043172649868378965
47650 0.004211016543996969
47700 0.004209777194778815
47750 0.006048268107197342
47800 0.004892795290979927
47850 0.00386347277224345
47900 0.004248800159788275
47950 0.0047542156369951615
48000 0.004135889483476651
48050 0.0038888796319780598
48100 0.003913220326464494
48150 0.0040996774746001816
48200 0.004017696258304667
48250 0.004038467243133682
48300 0.004044324987826053
48350 0.003906443297835958
48400 0.004081521167412305
48450 0.004009252796669789
48500 0.004136293570299307
48550 0.0038395660224824915
48600 0.003826529068440819
48650 0.0041882804183751175
48700 0.004092908947026962
48750 0.004259162020581728
48800 0.003934556943124068
48850 0.0037041696808777585
48900 0.004079981726292861
48950 0.004033680592649001
49000 0.004093536474090523
49050 0.004029411925888446
49100 0.003976853250278252
49150 0.003981608329640322
49200 0.004192286471132573
49250 0.0038875315444464077
49300 0.004036089898923418
49350 0.004012620770046144
49400 0.003964646074113285
49450 0.004742287318102673
49500 0.003943433503373122
49550 0.004497983323709767
49600 0.004046129561677888
49650 0.004376457343657537
49700 0.004034142822868546
49750 0.004166803244692554
49800 0.004002125635313761
49850 0.003784718085213805
49900 0.003971886023466992
49950 0.003961349564328524
50000 0.00410253364452914
