50 0.1520702257043442
100 0.12492816077066543
150 0.11156219557092575
200 0.10201015218248347
250 0.08875996492278682
300 0.06682009105391776
350 0.06756803200915787
400 0.08879483476096643
450 0.04793392836351199
500 0.04322467505864795
550 0.06157959190670657
600 0.03496987709938925
650 0.0674409895352705
700 0.030052303142353708
750 0.07462486689363222
800 0.025833853689304048
850 0.03945114670328559
900 0.0225276989651568
950 0.023910687245713054
1000 0.021945919345994904
1050 0.02666898234111449
1100 0.08882438545515212
1150 0.020412858563558595
1200 0.0801782057755746
1250 0.01943585461769497
1300 0.022812286988406864
1350 0.01897392139867264
1400 0.018405871962571596
1450 0.03902023780793985
1500 0.019373318630348895
1550 0.01611541211084288
1600 0.019086037708515
1650 0.016817358429056694
1700 0.01734962417831468
1750 0.022144323454752812
1800 0.016420246351107465
1850 0.021657041611170925
1900 0.03417185561646948
1950 0.031198883836374626
2000 0.01799896078271868
2050 0.01937705586828662
2100 0.015508966042201519
2150 0.028079750240548255
2200 0.016018954284707995
2250 0.01711141629843392
2300 0.016575505657228387
2350 0.054332239447019065
2400 0.015686673815778464
2450 0.019397252337121303
2500 0.02027147932174592
2550 0.016923463033217002
2600 0.019679723599244015
2650 0.015255777916435965
2700 0.024984681218119288
2750 0.024115464219450846
2800 0.01980497673560613
2850 0.013273434914940109
2900 0.01718862465846372
2950 0.014716344211147762
3000 0.029346911944379918
3050 0.01356828872948813
3100 0.015390110670110166
3150 0.014530216665053856
3200 0.026500341947138916
3250 0.013697407155544364
3300 0.051801822126627026
3350 0.01474899405883043
3400 0.023773533166399453
3450 0.013391954987386203
3500 0.01310934572920454
3550 0.020111498037755932
3600 0.018296848684315727
3650 0.03596317417212089
3700 0.013261674994172273
3750 0.056435348660149015
3800 0.014138180119467915
3850 0.024667467627550767
3900 0.01609643131388975
3950 0.013312608476712654
4000 0.013154450806489412
4050 0.014270773178584722
4100 0.040965368432733365
4150 0.015622981403985485
4200 0.017025374996410846
4250 0.01645421095580319
4300 0.01328469780873218
4350 0.014858746907299112
4400 0.012934763435597603
4450 0.029057740190234216
4500 0.012907110779934797
4550 0.06710278254100405
4600 0.013290577224674254
4650 0.012313344282885136
4700 0.012485442803645995
4750 0.012700168142746375
4800 0.019083603091677687
4850 0.024766966154944618
4900 0.03010298849728775
4950 0.014467079978286237
5000 0.014282718581843117
5050 0.012161831339715289
5100 0.011930611120257936
5150 0.011369737127747224
5200 0.01097830450043618
5250 0.01125905361729499
5300 0.01134672799319807
5350 0.011714404765911787
5400 0.012240221886513665
5450 0.010641917746117608
5500 0.011043468784585064
5550 0.010394754554272346
5600 0.011023492662673719
5650 0.010747658358402452
5700 0.010742993283163462
5750 0.011075635843389055
5800 0.010339734211285164
5850 0.010890231221429052
5900 0.010032995905018537
5950 0.010115117621138887
6000 0.009515611787875017
6050 0.010443180431622295
6100 0.010234327627838942
6150 0.011793705416766201
6200 0.010581609347282207
6250 0.011767416605192444
6300 0.01199240973214022
6350 0.010307793484454727
6400 0.020597846743029686
6450 0.011948136448608905
6500 0.010245369667917127
6550 0.009328344713431528
6600 0.010812567221843861
6650 0.00973714643810208
6700 0.009808616172129922
6750 0.01043961586615203
6800 0.010871125021761817
6850 0.021833499724877244
6900 0.010561611658897296
6950 0.010110451166160326
7000 0.013281516817380804
7050 0.009669931468667358
7100 0.009201303029135424
7150 0.018939500177286416
7200 0.009411687301982951
7250 0.009848078577356228
7300 0.02161291212796277
7350 0.011891154557763127
7400 0.010307786925013081
7450 0.014552189549335797
7500 0.011033808298676881
7550 0.023165075865094007
7600 0.010415686744224556
7650 0.008864432361323017
7700 0.0311751753224945
7750 0.009148864234365579
7800 0.010884019897290672
7850 0.033998051948808825
7900 0.009289335275917835
7950 0.009110010717820957
8000 0.03153989735688397
8050 0.012282767652043286
8100 0.009234012632097895
8150 0.009020490848649726
8200 0.021090614295563262
8250 0.009643073061723304
8300 0.012279977856137853
8350 0.009072112377637023
8400 0.016378673990705406
8450 0.012928008637138664
8500 0.027211278495820765
8550 0.014704896796283106
8600 0.00912664067513567
8650 0.010722336140478564
8700 0.019969828944909618
8750 0.008524313095013758
8800 0.010547351002242437
8850 0.008984889249057798
8900 0.00878873356034784
8950 0.02811857996928743
9000 0.008715607159096205
9050 0.008965013021404011
9100 0.012833349450073295
9150 0.008344909832858245
9200 0.008601546332417992
9250 0.008792565033217134
9300 0.010744976742789234
9350 0.019476545492363877
9400 0.00862080428040657
9450 0.015045285020956256
9500 0.008411367594243213
9550 0.008452472418771265
9600 0.009458724675974136
9650 0.011353769991039517
9700 0.03670378171425132
9750 0.00869296525372949
9800 0.019142865513326186
9850 0.009077359524238921
9900 0.009283638493173181
9950 0.01022937588201164
10000 0.010384866905766576
10050 0.008306116687330967
10100 0.008447682637248665
10150 0.008148323144949314
10200 0.00840459038372217
10250 0.008575719877967996
10300 0.008279901365887585
10350 0.008162918722081886
10400 0.008908252043592739
10450 0.007967445917829916
10500 0.008225316955003318
10550 0.007730265078148497
10600 0.007709174979666207
10650 0.008290401184261366
10700 0.008242749502010505
10750 0.008169070297380317
10800 0.007969741497200526
10850 0.007996327553029769
10900 0.007653372451249806
10950 0.00807784636620876
11000 0.007738098260660878
11050 0.0074031958905809
11100 0.007801390494329162
11150 0.007834746474385602
11200 0.007341597254642262
11250 0.00752914532003217
11300 0.010141053980989335
11350 0.008991522443650646
11400 0.008626108550917052
11450 0.007721395362877513
11500 0.007785077811479489
11550 0.0073956558915844964
11600 0.007755302052177273
11650 0.007190518044661941
11700 0.007892818582175325
11750 0.008953446969787702
11800 0.007764493404176868
11850 0.008719052425773583
11900 0.007553173646710709
11950 0.008014020068575427
12000 0.00799360418243806
12050 0.010008363900966885
12100 0.007423370728930058
12150 0.008064321998158843
12200 0.009865785378206537
12250 0.007389529131373617
12300 0.008110150605579184
12350 0.00802814544073632
12400 0.022265326421545578
12450 0.007263744944972601
12500 0.007704579311904489
12550 0.009143752800979168
12600 0.008288708057069777
12650 0.008814015806911739
12700 0.008022657259462575
12750 0.010027514770923058
12800 0.007135100337957203
12850 0.007498600528373
12900 0.007500227123931833
12950 0.00809499510077451
13000 0.007131716223745713
13050 0.006981295563658652
13100 0.010030647957144987
13150 0.007044675996707193
13200 0.0076002856963231355
13250 0.007404989397373829
13300 0.008708814901511203
13350 0.007474995767600773
13400 0.011144665090366351
13450 0.0071035482642108514
13500 0.011225433462940231
13550 0.006561785531276377
13600 0.007491568862134592
13650 0.01127519054696321
13700 0.007207221108435085
13750 0.007135879432964249
13800 0.01967103404949365
13850 0.006816491500827126
13900 0.012318507251773565
13950 0.0075348493034707986
14000 0.007852820754411958
14050 0.007061957630753577
14100 0.009525178647545558
14150 0.006466203349105536
14200 0.007862370076725456
14250 0.007179328966292384
14300 0.008269318071744863
14350 0.013939081864040874
14400 0.012562757037181993
14450 0.00632895209925142
14500 0.00909410750227965
14550 0.0066834110072675566
14600 0.006856169596092927
14650 0.00703337960126691
14700 0.011090499422615916
14750 0.007338006934414905
14800 0.006777056234007974
14850 0.00626732688231
14900 0.010724879176497263
14950 0.00623498904534982
15000 0.006663314039053876
15050 0.008767899057693625
15100 0.01453124587329602
15150 0.007192522474533799
15200 0.025412519215898634
15250 0.0067816158570066475
15300 0.006844994815331781
15350 0.010928353602044203
15400 0.006750251664988443
15450 0.00703564192938552
15500 0.0070899259736912235
15550 0.020120967683945445
15600 0.006742474913718734
15650 0.023174504538252424
15700 0.006544019828079265
15750 0.007749311930006798
15800 0.007971924972889946
15850 0.006315683996877283
15900 0.022726643630722913
15950 0.006691600844274143
16000 0.007080850754519184
16050 0.0089321898135012
16100 0.006557559967055844
16150 0.007747470614746531
16200 0.008671955020193297
16250 0.009677425798327416
16300 0.006517890748734559
16350 0.009458773039692293
16400 0.006246530082843596
16450 0.007618047470888805
16500 0.0068259226082064165
16550 0.007225283222034972
16600 0.01055559630379593
16650 0.009913878250782446
16700 0.006954736868991452
16750 0.008587054510088536
16800 0.007590815562244866
16850 0.011265489964412106
16900 0.006407374612817994
16950 0.006811460886000136
17000 0.0064413042170820365
17050 0.006732065593221808
17100 0.009195740870250473
17150 0.012497220328627908
17200 0.008557900413971281
17250 0.025597860430954363
17300 0.006743336297398267
17350 0.00853546609991051
17400 0.00757652852631338
17450 0.007912223743167015
17500 0.009090676204305351
17550 0.010678376396309119
17600 0.0063472458180470065
17650 0.015252453534211521
17700 0.006464404920686538
17750 0.006580959224829681
17800 0.006245686585935392
17850 0.008207798396716415
17900 0.006196930169009978
17950 0.0064668110841739745
18000 0.0059702355157631335
18050 0.008865366381179237
18100 0.007706820314983505
18150 0.006140962522905456
18200 0.007701558262751317
18250 0.008832464477574846
18300 0.009100705592277413
18350 0.007434126063841039
18400 0.007196135503371066
18450 0.0067312435714905255
18500 0.007423179993522493
18550 0.0065787668587829855
18600 0.012086146787449755
18650 0.009555150576829853
18700 0.006540069022410761
18750 0.010084767026436696
18800 0.011602812090951481
18850 0.0063116783884742105
18900 0.0063247556148988
18950 0.0062124477843120965
19000 0.006319345641843629
19050 0.020329856697959007
19100 0.006423991833724777
19150 0.005663733849766383
19200 0.005846728530374196
19250 0.00653246763377003
19300 0.006360351049830896
19350 0.007769687414723612
19400 0.008537930839494905
19450 0.007030244636341817
19500 0.009180668026777403
19550 0.008632644986304009
19600 0.006175304685775817
19650 0.011589076741943071
19700 0.008233101605721029
19750 0.006090945787151255
19800 0.007254335706678233
19850 0.006859385503665134
19900 0.008718962172023802
19950 0.007554314763846468
20000 0.010864980217043642
20050 0.005706899173048697
20100 0.005895073063292464
20150 0.005571917303344557
20200 0.00580281458109314
20250 0.005917330705112482
20300 0.005486522175499501
20350 0.005960674833245126
20400 0.005893734496644316
20450 0.005755187379089281
20500 0.005964904468871859
20550 0.0052503598105288415
20600 0.0058323991822846755
20650 0.0055799521380856575
20700 0.005876024013826327
20750 0.00557336996908329
20800 0.005438221639502512
20850 0.005714974521343754
20900 0.00607392556355965
20950 0.00608536856444327
21000 0.006114403891058492
21050 0.005155307332048919
21100 0.005712044255762729
21150 0.00547384237984037
21200 0.005118806542286788
21250 0.006292657210951744
21300 0.005769259882388184
21350 0.00582208780711653
21400 0.006248644553350792
21450 0.005843479406453995
21500 0.00826299052931162
21550 0.0053862969877517325
21600 0.006298902076088295
21650 0.0054735000705991
21700 0.007426911026326449
21750 0.006043612543886059
21800 0.0061045675870348365
21850 0.007200839915997988
21900 0.005774386339522912
21950 0.005768389880631947
22000 0.005513071343464559
22050 0.006861374333060072
22100 0.006123850474815769
22150 0.010738755005342689
22200 0.00566031966457755
22250 0.016731567834845112
22300 0.0053048722802934946
22350 0.005473987217530666
22400 0.006411890585662718
22450 0.007550371871993747
22500 0.0055428804399122395
22550 0.006622988768575974
22600 0.006983181555619367
22650 0.005304742989600103
22700 0.005408034914086393
22750 0.005875417685835958
22800 0.010014205472796316
22850 0.005478771110549021
22900 0.005605654134598556
22950 0.007773361421149547
23000 0.005570177843069378
23050 0.005492220632892015
23100 0.0064097276118114475
23150 0.005951242462547143
23200 0.0059739507235371725
23250 0.008679004355223882
23300 0.0059287506710040926
23350 0.005578285185278953
23400 0.005327353060095696
23450 0.0056554709975913066
23500 0.005721724056635736
23550 0.006249034162158231
23600 0.0061480187747280455
23650 0.005433993690832834
23700 0.006881725376122477
23750 0.005646542802014066
23800 0.005664508784064617
23850 0.0060650822079621365
23900 0.005775151024777297
23950 0.005498184258161452
24000 0.005552010873805316
24050 0.005117890453536676
24100 0.013053353875627177
24150 0.005516720681570279
24200 0.005273114340147579
24250 0.006123149535443566
24300 0.0053134112975282985
24350 0.006369879292859919
24400 0.005019089239957899
24450 0.005375132717445541
24500 0.005376095863790534
24550 0.005808118276854324
24600 0.005983780056478557
24650 0.012819831680910727
24700 0.00541253909605016
24750 0.006237108107815134
24800 0.005463790241248608
24850 0.005237753140358072
24900 0.008495476776092832
24950 0.005925663892576953
25000 0.005576208677921406
25050 0.006498218290030681
25100 0.005256757488755209
25150 0.005340855889960929
25200 0.004966650223078827
25250 0.005206588070237309
25300 0.005391149035578796
25350 0.005424016820615754
25400 0.005203308303807072
25450 0.009302628255298895
25500 0.004890559449695732
25550 0.00548620956134487
25600 0.005331134540367281
25650 0.00555578781238672
25700 0.007270026156587301
25750 0.005131904713104752
25800 0.005148583280830043
25850 0.004978204227852575
25900 0.004939138593001575
25950 0.006930012787150145
26000 0.005210656982167626
26050 0.00573168460498209
26100 0.006247241032633477
26150 0.00532177647468481
26200 0.00748310974722428
26250 0.006745121594016784
26300 0.014709778137175375
26350 0.005187487681153872
26400 0.005147281867655789
26450 0.005701416219697036
26500 0.005650151155626261
26550 0.006191913257123983
26600 0.007139361876893867
26650 0.004721420410431069
26700 0.005131769467741845
26750 0.005258921434071531
26800 0.00547349634489576
26850 0.005828936612351087
26900 0.00630362281637577
26950 0.007214274766765661
27000 0.004933305603727704
27050 0.005402780277142545
27100 0.005029708132761722
27150 0.006393893791402411
27200 0.008584959138098366
27250 0.005554334635157461
27300 0.005427762541261946
27350 0.007161827227652499
27400 0.0051388195317312564
27450 0.005297427438652525
27500 0.006459237357372031
27550 0.005405063031024431
27600 0.005699759219857358
27650 0.0051902518330689444
27700 0.006049607058587803
27750 0.004774416825638486
27800 0.00499246917696271
27850 0.008063682159996173
27900 0.00492191160002467
27950 0.0049109947400322726
28000 0.01234062337962547
28050 0.00517152775217622
28100 0.004874543083272783
28150 0.004998246079172813
28200 0.0058434795589442185
28250 0.0069919600100872645
28300 0.005293726077131398
28350 0.013474185343975511
28400 0.005296571774345637
28450 0.005094155171184181
28500 0.005348838549784807
28550 0.005331261210410839
28600 0.005226444690316089
28650 0.006055792217638375
28700 0.004933451694770473
28750 0.004670194040977936
28800 0.00474422774242599
28850 0.005905395056471107
28900 0.005043922038749346
28950 0.006280449054927774
29000 0.004994189988107722
29050 0.006716291741255505
29100 0.006555112873747275
29150 0.004965516447724862
29200 0.005390994520014799
29250 0.0053722678254053136
29300 0.004939332642062491
29350 0.004997010816926519
29400 0.00606563853305889
29450 0.004899380579625498
29500 0.006063288507092773
29550 0.005727828930051492
29600 0.007366171912655267
29650 0.004989055032605839
29700 0.00484754415384192
29750 0.00569762663096083
29800 0.011195750883234438
29850 0.005444159211487169
29900 0.016665411214235912
29950 0.005301335681097077
30000 0.004932994158460803
30050 0.005938113883845581
30100 0.005294830883495833
30150 0.00487795184013736
30200 0.007021879305444663
30250 0.005888710546733072
30300 0.005132719923525928
30350 0.005498290315661715
30400 0.006002564706484309
30450 0.004880782911258333
30500 0.005045315799435736
30550 0.006501189060855591
30600 0.004815711039832619
30650 0.0059510297223609255
30700 0.005278178733077949
30750 0.004943015086688029
30800 0.004753321528676771
30850 0.008892112924889973
30900 0.005125769463411463
30950 0.00585516341117319
31000 0.005178463574616064
31050 0.005244786337357843
31100 0.010262762986917634
31150 0.005045001024591666
31200 0.005314728712283144
31250 0.006216167198401762
31300 0.005070872200509237
31350 0.005772383993580718
31400 0.005473318432206048
31450 0.004916333463769558
31500 0.004933998986466011
31550 0.005032074669849465
31600 0.0049415086715538644
31650 0.007208412204542555
31700 0.005550654533336748
31750 0.010371271422250253
31800 0.004714899772253867
31850 0.004581628401896775
31900 0.004679928301775586
31950 0.005302823326122388
32000 0.005108172992217661
32050 0.010923753847550757
32100 0.004523129091252913
32150 0.005253052692808981
32200 0.004810994396926897
32250 0.009861053627691544
32300 0.005143290158554864
32350 0.00492746930931483
32400 0.004817705951291575
32450 0.006474666196834391
32500 0.004860882284795371
32550 0.007842611803065133
32600 0.004912001972482973
32650 0.005532817003672191
32700 0.014133633951636774
32750 0.004781644583100042
32800 0.004564242032818587
32850 0.004619737683884973
32900 0.004800231513268126
32950 0.004974756682619069
33000 0.004728585267917297
33050 0.0045428087533942434
33100 0.006440230660594153
33150 0.009500671766625576
33200 0.004938236252272627
33250 0.005508425839634256
33300 0.008469523957756095
33350 0.004899073814789978
33400 0.005732809548336737
33450 0.004762700381883152
33500 0.005080762086604938
33550 0.007720378637128906
33600 0.0047031112251808066
33650 0.004949920303941849
33700 0.0049260333985299345
33750 0.0047830918004995344
33800 0.005114990191721568
33850 0.005021003713002764
33900 0.005268120595633
33950 0.007676367417737803
34000 0.005579629450145888
34050 0.005627316332069838
34100 0.007929260125014041
34150 0.004815039280257256
34200 0.004829349416194738
34250 0.007243484919405278
34300 0.006798104679204599
34350 0.0071050015999743355
34400 0.011266668069312508
34450 0.0043368330842678575
34500 0.004781959734273526
34550 0.0060936812202187435
34600 0.004649976329203674
34650 0.0048841398113430405
34700 0.004690143143873343
34750 0.005090660475767649
34800 0.006074531327891028
34850 0.0048112919314759394
34900 0.010479374470692481
34950 0.0046080681509377205
35000 0.005532123507366791
35050 0.004883681624159184
35100 0.004883887006518082
35150 0.00469695529649056
35200 0.004702411323862028
35250 0.004749484586604826
35300 0.004621675182958581
35350 0.004437165684727724
35400 0.004420680929783834
35450 0.004501649538425393
35500 0.004663665099067417
35550 0.004393070675990232
35600 0.004691742764514775
35650 0.00457845798511171
35700 0.004684934408555284
35750 0.004711102830464617
35800 0.004545410591813819
35850 0.004674374883720434
35900 0.004559581523624383
35950 0.004411232413886011
36000 0.004475789181798295
36050 0.0046470312106675045
36100 0.0044561710139995395
36150 0.004457174215717803
36200 0.004541367943096775
36250 0.004505102634484662
36300 0.004527661675743339
36350 0.004650181230816603
36400 0.005338727158686121
36450 0.004449003233271031
36500 0.006952497075134652
36550 0.005000194500793603
36600 0.004322795315326094
36650 0.005164649613954698
36700 0.004437087364165536
36750 0.005011056718436768
36800 0.004695040109699575
36850 0.006221456169459246
36900 0.004745831204747944
36950 0.0045067251293955885
37000 0.004280576057712824
37050 0.005431819438742958
37100 0.004786711865427419
37150 0.004911128806987497
37200 0.004711171214668221
37250 0.0046477519263771975
37300 0.004643406905668218
37350 0.004716626473148635
37400 0.009458514745410932
37450 0.004519807783733244
37500 0.004589800193127294
37550 0.004643766724224956
37600 0.006250148343059523
37650 0.004347504135956813
37700 0.004533734940444012
37750 0.004382237682398427
37800 0.004496046550030021
37850 0.004426016021019767
37900 0.00487530032340722
37950 0.00513435084223495
38000 0.004541301638695413
38050 0.004515909890269375
38100 0.004669222816062487
38150 0.004677638294222275
38200 0.004433808479442106
38250 0.004622558843361966
38300 0.004403099467106702
38350 0.004673674189670678
38400 0.006148590707891123
38450 0.0050570642638880885
38500 0.005194312849257031
38550 0.004542397896790606
38600 0.005695752591290047
38650 0.005238347745563177
38700 0.004451886343736777
38750 0.004515511550493421
38800 0.004415378022340573
38850 0.007234034505952821
38900 0.004839212917711134
38950 0.004516969847620274
39000 0.004479315128951266
39050 0.004285273319693317
39100 0.00459565485387218
39150 0.004368252911145146
39200 0.006301877341907496
39250 0.0042397367118312684
39300 0.00428942347842769
39350 0.004522134687955002
39400 0.004341957848464315
39450 0.004491451369475895
39500 0.004452179067915843
39550 0.005238124464681616
39600 0.00461472914986225
39650 0.005079963074913025
39700 0.004422458868311511
39750 0.00470000815156589
39800 0.0043321830931197245
39850 0.004779636203900652
39900 0.004059312348177722
39950 0.004458131463311212
40000 0.004448548058328642
40050 0.004555373636038024
40100 0.0043752138380512215
40150 0.0051115823627033
40200 0.004466232865401097
40250 0.004503932352136338
40300 0.004220600623489651
40350 0.004367759106518972
40400 0.00456257620106911
40450 0.004659602433190981
40500 0.00438380614178498
40550 0.004656015785566202
40600 0.004536165028461156
40650 0.004000147151868235
40700 0.004344878897369731
40750 0.005796692347866035
40800 0.004621992805758639
40850 0.0040565681535740935
40900 0.004328124265639571
40950 0.004441539628168345
41000 0.004146738661903542
41050 0.004378696404665477
41100 0.004299738777022034
41150 0.004358417900762414
41200 0.004179475899814484
41250 0.004348465558263147
41300 0.004166051692602044
41350 0.004439618166506236
41400 0.004161692485102812
41450 0.005376032193512933
41500 0.004233914269292161
41550 0.004322011650600687
41600 0.004476188982435214
41650 0.00506850585391149
41700 0.0046364477898587645
41750 0.00476207188535203
41800 0.004423755552027539
41850 0.004217616868123773
41900 0.004180196887840946
41950 0.00450641119570499
42000 0.005028472023724706
42050 0.00482055013282859
42100 0.004066240080296413
42150 0.004174715606113017
42200 0.0048322929555418516
42250 0.005311649547253718
42300 0.0046173433485167
42350 0.004757193604074941
42400 0.004063932084653819
42450 0.004663588706455091
42500 0.004308340685632069
42550 0.004374377853748867
42600 0.005187814960799722
42650 0.004245011783672076
42700 0.004368431164411956
42750 0.005485607165797138
42800 0.004395713422996891
42850 0.004504708272337278
42900 0.004264115937565695
42950 0.004074330235801537
43000 0.005966546857582112
43050 0.004240949091388167
43100 0.004526435328510682
43150 0.00586784812871904
43200 0.004391158228284236
43250 0.004188422341839331
43300 0.004475523012874383
43350 0.0042626188733437
43400 0.004348616492363093
43450 0.004401186559880729
43500 0.0044901744225323646
43550 0.004234976504880364
43600 0.0043343346985747835
43650 0.00421074164232605
43700 0.004074897705282116
43750 0.004982910803887118
43800 0.005395284034452165
43850 0.004283673868252734
43900 0.004419999356452259
43950 0.004326611950350232
44000 0.004538583940598004
44050 0.0053696902333908855
44100 0.00418113496551186
44150 0.004404031418371273
44200 0.005415605495934782
44250 0.0039275928393102235
44300 0.004357590206318746
44350 0.004030218160907386
44400 0.00432267630572087
44450 0.006122433685362809
44500 0.0052142205935075845
44550 0.0042868794212164675
44600 0.004264423919784952
44650 0.004188531805701642
44700 0.004354174872837401
44750 0.009170733270230876
44800 0.00409140835533682
44850 0.004511939220688429
44900 0.004092468578707269
44950 0.004174014040868052
45000 0.004373260059234145
45050 0.004497834881841863
45100 0.0040256273123864825
45150 0.0042639635185623866
45200 0.004277967933669466
45250 0.004849808497088055
45300 0.004255471392125053
45350 0.00430442077854926
45400 0.00678400010641776
45450 0.004246654501043639
45500 0.004071849040317074
45550 0.003891368429926502
45600 0.007169888986277689
45650 0.004258413742212942
45700 0.0042641341732508374
45750 0.004150516420797603
45800 0.004586939488605697
45850 0.005813190608943857
45900 0.0047662854105439785
45950 0.004899878544045169
46000 0.004510246841191928
46050 0.004439156889155822
46100 0.004293521776072034
46150 0.004768039319804642
46200 0.003984450844255712
46250 0.004326314551984568
46300 0.0038545682608539917
46350 0.00430746582893957
46400 0.0043805203571381495
46450 0.004598109006301751
46500 0.00434038714124039
46550 0.004293309837981226
46600 0.009195812353557969
46650 0.004006220092017688
46700 0.004201961455659228
46750 0.004345069831018078
46800 0.004338672727695782
46850 0.00633618636493039
46900 0.00468595444255231
46950 0.005023459873963079
47000 0.004253358901366356
47050 0.004031688494079954
47100 0.003975911374158598
47150 0.00428583049624366
47200 0.004128899333248158
47250 0.004180223404683333
47300 0.004553448673969722
47350 0.004314332736537901
47400 0.006146706351113414
47450 0.00416204195811094
47500 0.004237747764097182
47550 0.003888822734481331
47600 0.004329649956804116
47650 0.0064634347987143174
47700 0.004136326555678138
47750 0.0040022977402808906
47800 0.003969269856730928
47850 0.004807761695003999
47900 0.003981880489446243
47950 0.003979807744288036
48000 0.004728362340301202
48050 0.004078937293177317
48100 0.004040556615250397
48150 0.004210319056066004
48200 0.0042062005294487646
48250 0.0039984402471429144
48300 0.004070717557556084
48350 0.003750660536426887
48400 0.003912791237954483
48450 0.004103044803766151
48500 0.0037114477410386646
48550 0.0038907438192041085
48600 0.003943709224743536
48650 0.0041396609332767075
48700 0.0040894413805205865
48750 0.003991560314229545
48800 0.0038112478981026164
48850 0.00395079543966794
48900 0.004048256588928765
48950 0.0041804166425866195
49000 0.004011090272383542
49050 0.0038735209794448933
49100 0.004010095206974695
49150 0.0038803635274688897
49200 0.003884121746105818
49250 0.004237917631228228
49300 0.004229854720975371
49350 0.003890042890519808
49400 0.0040889387721371375
49450 0.0040093459277147445
49500 0.004153372391221744
49550 0.003965574149109314
49600 0.00387856051797478
49650 0.004417331577511761
49700 0.004452933107429591
49750 0.004019740828463763
49800 0.003814495749632826
49850 0.0041214173211768165
49900 0.004082966491784904
49950 0.00395200187326218
50000 0.00384097798860211
