50 0.1388318075144239
100 0.11503886152514649
150 0.09530087066736216
200 0.07999410779634228
250 0.06813061489072553
300 0.06279436968979699
350 0.05962860784097464
400 0.053579176887857134
450 0.04730878016034188
500 0.042240453803943166
550 0.04120418461360423
600 0.038514305790082526
650 0.03205606967404812
700 0.0475277557121514
750 0.02909998678767897
800 0.05312502742969951
850 0.025000555104014735
900 0.026789471988795294
950 0.023616672129434257
1000 0.02351796859178621
1050 0.02830088024994492
1100 0.03238702801691569
1150 0.021746455965540794
1200 0.03400890546309692
1250 0.0222296140688142
1300 0.021886048372282252
1350 0.022716854192608396
1400 0.02018349935541972
1450 0.02501940400150023
1500 0.020170820328557087
1550 0.019228157792731317
1600 0.01867390448916853
1650 0.03307623638271546
1700 0.01874822704485919
1750 0.017735652784189697
1800 0.03599220866353137
1850 0.022088135207882942
1900 0.018577146409664225
1950 0.01798728822077686
2000 0.057677760531058414
2050 0.016931303849778416
2100 0.019375696392818026
2150 0.016530809576107874
2200 0.034003690778473566
2250 0.016010509193754616
2300 0.018346591369257856
2350 0.020009734228679504
2400 0.017242571458491767
2450 0.016686220002902905
2500 0.016231603276672585
2550 0.014816337251219527
2600 0.019231273530418886
2650 0.01938968200296058
2700 0.015685024514788544
2750 0.01598228077041119
2800 0.023656699179538467
2850 0.015995000945469736
2900 0.019698777351796194
2950 0.015513356610808894
3000 0.014986890740557784
3050 0.019590476005298306
3100 0.02875240575290144
3150 0.015191995794327465
3200 0.014237567736764888
3250 0.019454980699707185
3300 0.014018081242960402
3350 0.013901096470910571
3400 0.015653049556455977
3450 0.013204515755915108
3500 0.0160430993751115
3550 0.03500305244350479
3600 0.015685082753977342
3650 0.015786755572100727
3700 0.013621659024881935
3750 0.013816723439781133
3800 0.022526812740935112
3850 0.012471722047710975
3900 0.013011442469123197
3950 0.015448205913732747
4000 0.020586369696220515
4050 0.01763070491574342
4100 0.012742684206614664
4150 0.05127085371726984
4200 0.01472447925138473
4250 0.014679918951575192
4300 0.02586888091821741
4350 0.04000732428920011
4400 0.01216482691122005
4450 0.014038744717280118
4500 0.012060220958270964
4550 0.013766047135848702
4600 0.028137713936653458
4650 0.011507989494097363
4700 0.026037052383370396
4750 0.012684597365775718
4800 0.012719134846448096
4850 0.021097292374471152
4900 0.053014471266554834
4950 0.011769940450239694
5000 0.012572296995816508
5050 0.010651154043131123
5100 0.010942977695464508
5150 0.011138702473660519
5200 0.010422627633530366
5250 0.010302676034256478
5300 0.010704772716366166
5350 0.010278094289354422
5400 0.01089270697048847
5450 0.010385276670415134
5500 0.01035352925896681
5550 0.010721195329283704
5600 0.00989182459563644
5650 0.00956497471684444
5700 0.009988105984952735
5750 0.009455080583613412
5800 0.009814948256140764
5850 0.009822842105442518
5900 0.010259306392404032
5950 0.00954875881828036
6000 0.010988633670196327
6050 0.009985091622785165
6100 0.009719906242480241
6150 0.015808115968340777
6200 0.011550034833984884
6250 0.009545467308734606
6300 0.0147230495439805
6350 0.009828962656524609
6400 0.010372841358280944
6450 0.011333532634413184
6500 0.014137644001796712
6550 0.01010602384322898
6600 0.0125051950288061
6650 0.009278500287088052
6700 0.01017184952821086
6750 0.009676767432931716
6800 0.04201722363257036
6850 0.008703595827514421
6900 0.009062189494157581
6950 0.010661348427356802
7000 0.012132244043613382
7050 0.008891846662725153
7100 0.0121755962165543
7150 0.009069250898635837
7200 0.010546237289686202
7250 0.008977198970739952
7300 0.026910761871111397
7350 0.009933681803456006
7400 0.038793975314826194
7450 0.008829039417142439
7500 0.009799721388095376
7550 0.010356683264595386
7600 0.008742810161569045
7650 0.008496962300466584
7700 0.01074474657452684
7750 0.008849912607011333
7800 0.018865936611147605
7850 0.008856864028829336
7900 0.008995512918722356
7950 0.009774734331343479
8000 0.008616784143879713
8050 0.010031536751530587
8100 0.009505842213489398
8150 0.011809354069525883
8200 0.008408977718829203
8250 0.0085707452663087
8300 0.008224830296160439
8350 0.008121269129616197
8400 0.008866777851763423
8450 0.008522630579319488
8500 0.010643806181876481
8550 0.009059410666996079
8600 0.00960536519077971
8650 0.008307068146136815
8700 0.013032531364465253
8750 0.009364447225568001
8800 0.009789079208140396
8850 0.012444254127359819
8900 0.008813160115066762
8950 0.008163437352115872
9000 0.014365195020483362
9050 0.00794393279939018
9100 0.008628341522188502
9150 0.010338314044875065
9200 0.008518344953691262
9250 0.017295342405536835
9300 0.007803111723787091
9350 0.007997767717701224
9400 0.01645832687657085
9450 0.008327878690542528
9500 0.014245932695296617
9550 0.00784775018618945
9600 0.008185404828989091
9650 0.00896269012451016
9700 0.008884544066722561
9750 0.007988334977515612
9800 0.00885161177146171
9850 0.0082645876774289
9900 0.00908766289140311
9950 0.00801010697757291
10000 0.007743907519491829
10050 0.007105186048153795
10100 0.007896149530593321
10150 0.007301555439702231
10200 0.007445131950153006
10250 0.006888687389935515
10300 0.007725301677628668
10350 0.006976978616030455
10400 0.007521727487684629
10450 0.007888783315448233
10500 0.00767630987051054
10550 0.007419502562558798
10600 0.007427923522443735
10650 0.007637424915398673
10700 0.007303661059885469
10750 0.0072331681286704995
10800 0.00771583413980663
10850 0.007214413998595609
10900 0.006926135586376426
10950 0.007096395964961065
11000 0.007250255639191899
11050 0.007323107137344289
11100 0.007074805558244082
11150 0.0071884498054636155
11200 0.006832454445256765
11250 0.007422662984454611
11300 0.007782604929423274
11350 0.00747093809925265
11400 0.006752723319534395
11450 0.006956238711135496
11500 0.0070204949374720466
11550 0.008907364309267562
11600 0.00978655548032976
11650 0.00770703088420783
11700 0.006723708121909088
11750 0.007736771981739543
11800 0.010008843917897014
11850 0.006893930296946237
11900 0.006495953208541983
11950 0.00810093130887645
12000 0.0065691688495327985
12050 0.008677083639173374
12100 0.006514744122872491
12150 0.007062132934491144
12200 0.00755812721487461
12250 0.007121724333991674
12300 0.006809190434814065
12350 0.008516391182435284
12400 0.007286118339401372
12450 0.007098822902010598
12500 0.008327320463362698
12550 0.006392905922741079
12600 0.006575531107305506
12650 0.006768965773203003
12700 0.01674633385878087
12750 0.006969748468264507
12800 0.006795010665518559
12850 0.00730449373879839
12900 0.006648748809894484
12950 0.007074581686878659
13000 0.009828635235490907
13050 0.006714524471711828
13100 0.006039682052795551
13150 0.007084262222970318
13200 0.0075845484889605075
13250 0.006816065162713909
13300 0.006548571505011473
13350 0.009873285087571786
13400 0.006617756399239942
13450 0.013919180835736913
13500 0.006297279251963235
13550 0.006446814270352978
13600 0.008383104484575242
13650 0.007039404182596666
13700 0.01474549783789393
13750 0.006120157805809591
13800 0.0068587831195726775
13850 0.006878251066399848
13900 0.007803225925220241
13950 0.006820114881504095
14000 0.006601707745169969
14050 0.00781571675857911
14100 0.007403803442958824
14150 0.007159342516380918
14200 0.006105582325662419
14250 0.008322388593927811
14300 0.00641184960966115
14350 0.013745583650537139
14400 0.00704408962539729
14450 0.007343963123342113
14500 0.006491993619164082
14550 0.007648780780524349
14600 0.006571898259649736
14650 0.006193939667434233
14700 0.00852018818802181
14750 0.007161340084093068
14800 0.007592936724576757
14850 0.007783435504882669
14900 0.007167681140817535
14950 0.006915923244317156
15000 0.00911952460099305
15050 0.013070499381914057
15100 0.006199961907433171
15150 0.0071867067994163415
15200 0.013659477061845005
15250 0.006177804271447997
15300 0.006312436807168764
15350 0.006893324364587848
15400 0.03041050195551353
15450 0.0060080704999125965
15500 0.00616920459884475
15550 0.005976690047232279
15600 0.009384585742031284
15650 0.012462764060198408
15700 0.006511398732636961
15750 0.006630335532983516
15800 0.005815949596465482
15850 0.008096883070671915
15900 0.006024740449012193
15950 0.008779545626821567
16000 0.005957085877546293
16050 0.007213090661653523
16100 0.0062896780398022075
16150 0.006011323503051496
16200 0.005959379466621078
16250 0.005940272422858812
16300 0.020672724556452374
16350 0.00643144770623374
16400 0.006664455347202504
16450 0.006288454432664182
16500 0.006084251851136023
16550 0.010865328320998024
16600 0.0061326930025329485
16650 0.005868845334906568
16700 0.006224959419755419
16750 0.006093640591662134
16800 0.009718140550637246
16850 0.005958902703070843
16900 0.005967549247271357
16950 0.005753313728679731
17000 0.006294823106482025
17050 0.006113633211732785
17100 0.015826297938666474
17150 0.0061384108313649825
17200 0.006705921659157838
17250 0.007445472472689287
17300 0.009251742954604207
17350 0.0064513431447501615
17400 0.006909644972809976
17450 0.00939900106243575
17500 0.0053176601241003065
17550 0.008751165316683027
17600 0.0061398654180802896
17650 0.020045401710684124
17700 0.006853388659012879
17750 0.006208019197680086
17800 0.014142974232169815
17850 0.005875404146189292
17900 0.008049625095981366
17950 0.009193445156064484
18000 0.009721420008899462
18050 0.006304580273447196
18100 0.005860540779265816
18150 0.005807544836860944
18200 0.0060797067526728536
18250 0.0059219355646511216
18300 0.006610671572604461
18350 0.006218193176418737
18400 0.011874970240606535
18450 0.005952602346300495
18500 0.005442632953107261
18550 0.0060470215311683295
18600 0.005662066653725802
18650 0.007105316001688692
18700 0.015044877604684339
18750 0.006374902390625735
18800 0.00994976191219711
18850 0.005507546745296611
18900 0.005481524497238922
18950 0.006079391266231779
19000 0.005886213401424598
19050 0.006334075180880006
19100 0.005527953257891675
19150 0.005764515655405566
19200 0.007166504170520983
19250 0.0062211536475572215
19300 0.007792588203146434
19350 0.010678446169445258
19400 0.005307551537015727
19450 0.005602876224199164
19500 0.012586932664618756
19550 0.010509468280239862
19600 0.006080337847136965
19650 0.00581016890085679
19700 0.0054488347913307835
19750 0.005630006717275577
19800 0.018090755627303657
19850 0.005801146052308522
19900 0.0055073412094176115
19950 0.006647442700156294
20000 0.005786066721557371
20050 0.005443583343732665
20100 0.005409744827804641
20150 0.005523699047195777
20200 0.00545775169700592
20250 0.005486005638923339
20300 0.005441859260467623
20350 0.005560273114066998
20400 0.0054634874824294405
20450 0.00512356548267492
20500 0.00505721128303499
20550 0.005356788989707751
20600 0.005354276135519166
20650 0.005607753051573128
20700 0.005497367491746753
20750 0.005821157612291011
20800 0.0056931598284156015
20850 0.005695106128612116
20900 0.00512559414084527
20950 0.0054400729601193284
21000 0.005517084134100868
21050 0.005360685101106081
21100 0.005459895888154221
21150 0.005863142140050319
21200 0.005651458415011483
21250 0.006047443195519431
21300 0.005534943274955795
21350 0.005633730161354426
21400 0.005523103780599765
21450 0.006701193179395728
21500 0.005331351800375424
21550 0.0057408925605892235
21600 0.0061933881005079875
21650 0.0056993811278157015
21700 0.008251303334288891
21750 0.004927213245403385
21800 0.005097684333892238
21850 0.005125411204632918
21900 0.005023727165591093
21950 0.005503523746768231
22000 0.005256998025866271
22050 0.007277060008068943
22100 0.00699882335227775
22150 0.005228217995081197
22200 0.005292261454688882
22250 0.006074374207758433
22300 0.005586625517133617
22350 0.005432845625290158
22400 0.005264465995523786
22450 0.005593494167119695
22500 0.005445691998477046
22550 0.005236400399723397
22600 0.004877120037826322
22650 0.004964549313034211
22700 0.006390846185742085
22750 0.008435975723206106
22800 0.005304472486841082
22850 0.0059641634471754535
22900 0.0053085904964632735
22950 0.005237312703258067
23000 0.005122627119436673
23050 0.005732812509343928
23100 0.00521930066462302
23150 0.005763664587976243
23200 0.005175574068591334
23250 0.010603929284512889
23300 0.005142199589680914
23350 0.005319766869554147
23400 0.005332211459777164
23450 0.01257290274809618
23500 0.005106781644321419
23550 0.004710165152422859
23600 0.005470410576789004
23650 0.0061302676707246494
23700 0.005412113328876077
23750 0.014051484548837237
23800 0.004851553811466629
23850 0.005228008251416003
23900 0.0066053194104386094
23950 0.0054728313943487395
24000 0.005086967126283996
24050 0.004758732889586852
24100 0.005814579260121779
24150 0.004858429099959679
24200 0.0063822230549492
24250 0.005131084217854632
24300 0.0049544946949078
24350 0.00553845807790414
24400 0.0063367775448133976
24450 0.005409875186561633
24500 0.004775423498149185
24550 0.005064976112397066
24600 0.0049022362405093875
24650 0.004857127203836644
24700 0.005179574926543931
24750 0.0048666117757435205
24800 0.004835603246658525
24850 0.0059000031192438735
24900 0.0058609709016518175
24950 0.005953561504470461
25000 0.004801111449303494
25050 0.007654641455075766
25100 0.006402650750638321
25150 0.0048654140875101885
25200 0.00633077563227918
25250 0.00478445693688038
25300 0.005274738276273932
25350 0.00488366150622996
25400 0.004809332573712332
25450 0.006072762865974309
25500 0.005806724867048029
25550 0.004726021258304163
25600 0.005072855203549112
25650 0.005593391981262032
25700 0.004865698782862404
25750 0.00651004255336603
25800 0.0046923582930504725
25850 0.005448354218918191
25900 0.005195495509355264
25950 0.01048588155276059
26000 0.004633918128549236
26050 0.005250529296971318
26100 0.005269201636381295
26150 0.007650407893943195
26200 0.0052902118057206
26250 0.005922206258489293
26300 0.0057428539215063235
26350 0.009079107439617609
26400 0.005264958086580738
26450 0.011190203170003759
26500 0.005228774699261069
26550 0.004585846540460964
26600 0.0062562379913243425
26650 0.005137044174612416
26700 0.00957313287779217
26750 0.004613915510495458
26800 0.004613943563114498
26850 0.005084591130663796
26900 0.00519069948119052
26950 0.005187537273367553
27000 0.005419911272480721
27050 0.0046295897267648965
27100 0.005127911078443303
27150 0.0045663809730213875
27200 0.0046150812992556325
27250 0.006219904815259552
27300 0.004741940614993253
27350 0.004431444655971196
27400 0.004736855688365395
27450 0.00573389479634964
27500 0.00607458008344987
27550 0.004559190708579811
27600 0.006063295901550988
27650 0.00611198805406304
27700 0.004720844514906585
27750 0.005706157465397419
27800 0.006592900307897795
27850 0.005211618368227876
27900 0.00499208241386382
27950 0.004597877737537815
28000 0.006923749718817112
28050 0.004398980460626504
28100 0.004331841863185834
28150 0.004913940369001612
28200 0.004707894263925236
28250 0.005079453626473443
28300 0.004544311039505694
28350 0.005839330299969885
28400 0.005018935043473603
28450 0.004530304538132539
28500 0.0065095530154857025
28550 0.004619398346416198
28600 0.0046795585135275585
28650 0.004902565277911039
28700 0.006305398198098867
28750 0.007061451715301559
28800 0.0048995815366276825
28850 0.006694620408344745
28900 0.007624616178609814
28950 0.004455634062414852
29000 0.0114451999060229
29050 0.004785822315804567
29100 0.004609753231190302
29150 0.0076223933399366004
29200 0.0049225827223846755
29250 0.005083664158726204
29300 0.004767678422752549
29350 0.004543070057621213
29400 0.00473956056060458
29450 0.005694263323345914
29500 0.005141938833684252
29550 0.004688578197140818
29600 0.004402448015445792
29650 0.005262761874052562
29700 0.005141155708701377
29750 0.005336681454702607
29800 0.004476694464050548
29850 0.004770391052017529
29900 0.005044489045877584
29950 0.005268384244348919
30000 0.004311160335734138
30050 0.005130311240673316
30100 0.007911121328927136
30150 0.004558071191270228
30200 0.00920910989167811
30250 0.004502253152740067
30300 0.005047673141029861
30350 0.008653234869406298
30400 0.004519890153138916
30450 0.004738051387053703
30500 0.004331807632220407
30550 0.004514500892358866
30600 0.004875534879168702
30650 0.0044849299323835995
30700 0.005631595747776013
30750 0.006302100674346162
30800 0.0058768138178624104
30850 0.004748843094685672
30900 0.006315757569356371
30950 0.004544892846310484
31000 0.004967684122526671
31050 0.004634339267487949
31100 0.010984219460590238
31150 0.004791408945995979
31200 0.004352632427920087
31250 0.005862735361400287
31300 0.005039502892937037
31350 0.0045644510505270615
31400 0.005601433367630001
31450 0.004755223233832703
31500 0.007557953446475839
31550 0.004319345545495686
31600 0.005898334742396053
31650 0.010396671306380542
31700 0.0051051551430038805
31750 0.005502998024850281
31800 0.005605754673126478
31850 0.004442122787930062
31900 0.0045715197253481275
31950 0.005268196507196612
32000 0.004345587837150681
32050 0.004449321952316955
32100 0.006119941206176617
32150 0.004495539247917602
32200 0.008587962158842515
32250 0.004204277611640502
32300 0.004351629701799051
32350 0.009971484886091175
32400 0.004427645007381775
32450 0.004585937206025418
32500 0.008170617761233052
32550 0.004920194364836054
32600 0.006001522866176437
32650 0.0045828345917593395
32700 0.004205945078221618
32750 0.006087655378497498
32800 0.004252628618448268
32850 0.005375982756346473
32900 0.0041986213110114705
32950 0.004522556492975737
33000 0.015343053749281035
33050 0.004361556389563016
33100 0.004295142152697814
33150 0.004576126591273036
33200 0.004604192795901547
33250 0.004816107168196717
33300 0.004218049819785238
33350 0.004858909739742963
33400 0.004391750044059706
33450 0.0042814819312448705
33500 0.00431823061547352
33550 0.0058923024197973075
33600 0.004172117476294557
33650 0.004481649456917807
33700 0.004425361913077592
33750 0.004462682592361843
33800 0.006303191964435175
33850 0.004255416294253055
33900 0.009669337718005946
33950 0.004139441780400689
34000 0.005691885416578309
34050 0.0046819920047471856
34100 0.005329981514511515
34150 0.006434066650726541
34200 0.006971337094002406
34250 0.0047936109263358685
34300 0.0043150441810771495
34350 0.004097543246033502
34400 0.00429899217531361
34450 0.004253139240597456
34500 0.0047010685746721684
34550 0.004289408702826078
34600 0.005253739606025153
34650 0.004478419004512176
34700 0.004082071499717754
34750 0.006728788459430284
34800 0.004547547456744297
34850 0.004871818867356064
34900 0.004574870141041528
34950 0.004254600781764115
35000 0.004625803647077887
35050 0.004142089322499146
35100 0.004352704958929444
35150 0.004265349186567762
35200 0.0044953461085676955
35250 0.0041489265636464314
35300 0.004045724976435689
35350 0.004158276794396533
35400 0.004105048734693375
35450 0.004156661151862036
35500 0.004160752328099322
35550 0.004140844134439436
35600 0.004037431007845988
35650 0.004263880031750066
35700 0.004026501078187729
35750 0.004378783041020722
35800 0.004246876191177141
35850 0.0038602598971940374
35900 0.004376995386567545
35950 0.004553515129089303
36000 0.0041059412241904
36050 0.0041889993212074405
36100 0.004196214276197705
36150 0.004439354175543633
36200 0.004139321172532623
36250 0.004070535982591446
36300 0.004009555355267487
36350 0.0042197454377797886
36400 0.0040592775067457175
36450 0.0059155278992134
36500 0.004183055714022193
36550 0.004142789559094766
36600 0.003939999424436823
36650 0.004158198528855234
36700 0.004381940872248004
36750 0.004207051621850953
36800 0.004058505661265746
36850 0.004367611027578677
36900 0.00633340934073832
36950 0.004334828923376884
37000 0.004538518126004108
37050 0.003959516717170839
37100 0.004881434495153314
37150 0.003995992611292396
37200 0.004738937139952129
37250 0.004303965317362199
37300 0.0041234713998147534
37350 0.004226650091270887
37400 0.0055883066633385286
37450 0.0041088557862009045
37500 0.005341800148713583
37550 0.0042808432909301475
37600 0.004862023156985632
37650 0.003885380720034989
37700 0.00406593117401005
37750 0.007033980932963206
37800 0.004131336941533481
37850 0.004157343042143493
37900 0.004704428931946818
37950 0.003879312560362945
38000 0.005239834715455385
38050 0.0043749318169507435
38100 0.004151081179952569
38150 0.005424579678414196
38200 0.005003872325064815
38250 0.004227047372929086
38300 0.00423678540302289
38350 0.004114473067117128
38400 0.004181614623936441
38450 0.004501633073472141
38500 0.004442394207604754
38550 0.004062042050485105
38600 0.0038619328613705753
38650 0.0038795793600999973
38700 0.004041511064597841
38750 0.004229222257912991
38800 0.004046764859113524
38850 0.0039715042153272585
38900 0.004049342278001675
38950 0.00444972551562463
39000 0.00551257149183125
39050 0.0041989677649535715
39100 0.004442021622729015
39150 0.004369439933969796
39200 0.0054383351812184386
39250 0.0037773493233411223
39300 0.004196528709358208
39350 0.0038143135884857577
39400 0.00393752495814596
39450 0.004039283326309594
39500 0.00392621878028634
39550 0.0048840057702929885
39600 0.003936249828413456
39650 0.004070430581775889
39700 0.004022356932225978
39750 0.003940883227811319
39800 0.003892533872361085
39850 0.004990301970114507
39900 0.0042022106609492585
39950 0.00381652190568055
40000 0.004150866148300581
40050 0.004443964905275627
40100 0.006085213463917798
40150 0.003994087693657274
40200 0.0038601690276739782
40250 0.004048137804603836
40300 0.0042672627885010335
40350 0.004478892726747774
40400 0.004351985145599881
40450 0.0038834969743112395
40500 0.0038725596365346933
40550 0.004109768341678491
40600 0.004271524742694106
40650 0.0038807084639737063
40700 0.004539955877199406
40750 0.003987582351581081
40800 0.005770769424270957
40850 0.003991297589350762
40900 0.003992788517883015
40950 0.0039800726151785
41000 0.004222364107901734
41050 0.003912338657788063
41100 0.003947578043257611
41150 0.004008098699114707
41200 0.004039906690416293
41250 0.004009198691821095
41300 0.004115090122109924
41350 0.004060517258343789
41400 0.004202024446421213
41450 0.004020972549271423
41500 0.003890745666062545
41550 0.005489969687962336
41600 0.004175175231390507
41650 0.003855604606144596
41700 0.004070590733003538
41750 0.003863316674988027
41800 0.004555895296720328
41850 0.004307157975011779
41900 0.003844329713983427
41950 0.004572542978964609
42000 0.004319422529692788
42050 0.004143518627373826
42100 0.004043992412751767
42150 0.005022689125094358
42200 0.0039204324506986795
42250 0.003979285972545
42300 0.0043410046728623005
42350 0.00399902666966343
42400 0.0040896855280430165
42450 0.004358105390557662
42500 0.004733420033277952
42550 0.004687456688462915
42600 0.005182322448501875
42650 0.005665280208260976
42700 0.003614709666607326
42750 0.004525303695059077
42800 0.0042290712981437545
42850 0.004005803583657988
42900 0.0038877439914514417
42950 0.003878361136075827
43000 0.004547041595018488
43050 0.004272394292969398
43100 0.003979104473004349
43150 0.004299945866401068
43200 0.00408159611989092
43250 0.004112272532491291
43300 0.003733368263235203
43350 0.0037790147584746228
43400 0.004050493713360457
43450 0.003949285011311812
43500 0.004279336155366395
43550 0.0046331281080456204
43600 0.004249526790698863
43650 0.003921833381686371
43700 0.0038005363899028086
43750 0.003931431933758713
43800 0.003927806511606468
43850 0.004104028793258305
43900 0.004208916351132006
43950 0.0038436019681599705
44000 0.004019146184043822
44050 0.004058495394953864
44100 0.004498281874606171
44150 0.0042556546220754495
44200 0.003929066423646912
44250 0.0037679986488524044
44300 0.004705800704473053
44350 0.004034335970413457
44400 0.0038479413912063795
44450 0.005172440513332013
44500 0.004002455649261629
44550 0.003739520496347607
44600 0.004485132983112289
44650 0.004184720012878223
44700 0.003913774858970181
44750 0.0035895950695365927
44800 0.0037619574429178628
44850 0.004405481538190323
44900 0.004893623607066535
44950 0.004511158233321304
45000 0.00491178302547333
45050 0.003853059306316221
45100 0.003754858914582626
45150 0.003967022607116788
45200 0.004025962714968097
45250 0.004026372514272976
45300 0.003613260117984158
45350 0.003916276232670899
45400 0.0039878650130661525
45450 0.0038668844664920174
45500 0.004119713244249854
45550 0.003602037581162985
45600 0.003703522512541542
45650 0.0038546947205329407
45700 0.0038249292840916017
45750 0.0038510156585724957
45800 0.004289526371724709
45850 0.004746014978984381
45900 0.005480494993872177
45950 0.003668797359177905
46000 0.003938648542047224
46050 0.004119550817962202
46100 0.004468120388572645
46150 0.003857986721344159
46200 0.004510833348196742
46250 0.0035633174783888445
46300 0.003735852204754006
46350 0.004379073435060947
46400 0.005149954862653193
46450 0.0038671975789819177
46500 0.004444967194148371
46550 0.0037616041954526354
46600 0.0038415523535199237
46650 0.0043070055847586365
46700 0.00401728480462596
46750 0.0038400298808028946
46800 0.0034781247745065613
46850 0.0038237979733958087
46900 0.0038582141402823743
46950 0.0038672296340703065
47000 0.003855031640582592
47050 0.0037829776511096743
47100 0.0038273980428354883
47150 0.004825988745547865
47200 0.003583116212224556
47250 0.0038383861904334304
47300 0.004095967181184984
47350 0.00488495845500485
47400 0.004154815170925628
47450 0.006389558091363312
47500 0.0037767101480246203
47550 0.0037039785420688916
47600 0.003823615655611493
47650 0.0052003537620806065
47700 0.003769733453373735
47750 0.0037665719175102204
47800 0.0038458986904700487
47850 0.003888030101763055
47900 0.007370147102124297
47950 0.0035679099435965665
48000 0.004058735958956316
48050 0.003676597762249849
48100 0.003657235987570988
48150 0.003771218312491095
48200 0.0037553439512057036
48250 0.0037088895662482336
48300 0.0035307200738201655
48350 0.003769567242554627
48400 0.0037718275789889594
48450 0.0037241515997468834
48500 0.0036065032095063307
48550 0.0038998181159695675
48600 0.0034800946309286778
48650 0.0037769505406596935
48700 0.0035313453327640277
48750 0.0035237728219848934
48800 0.0035763480506307847
48850 0.0036286893956967124
48900 0.0034917160252693207
48950 0.0036056084168116834
49000 0.0036253275651937232
49050 0.003596885595201204
49100 0.00368195362845468
49150 0.0035454065845174454
49200 0.0035187175417127478
49250 0.003805262362846356
49300 0.0036631711113707974
49350 0.0034496097782386777
49400 0.0034671700156951087
49450 0.003599449160705265
49500 0.003717166503219741
49550 0.0034788083538059827
49600 0.003617411147986504
49650 0.0034813134950159243
49700 0.0037676184367146904
49750 0.0036317175673697823
49800 0.003701225489323809
49850 0.0035343784537654336
49900 0.0037690069838688185
49950 0.0036623480357449705
50000 0.003500727516113278
