50 0.9931627967566563
100 0.9961082057327859
150 0.993973349532946
200 0.9914909902483404
250 0.9861258606694111
300 0.9690648951528804
350 0.922847182840115
400 0.8540289960694325
450 0.7476752549560652
500 0.6663574862452025
550 0.5845575958213695
600 0.32635616041511517
650 0.5486251101358648
700 0.2994316896897969
750 0.16065855319991998
800 0.23473687032408316
850 0.12519555850093977
900 0.11250588569511315
950 0.14612773066855994
1000 0.146437782942866
1050 0.08268289765194266
1100 0.11830802786062253
1150 0.16243695745925668
1200 0.08535771337478498
1250 0.06061268984157089
1300 0.06582602051475636
1350 0.09482209959442807
1400 0.060720266771548036
1450 0.07537723397139606
1500 0.07252795272297871
1550 0.07729743834051944
1600 0.15870962848850062
1650 0.05785781570404657
1700 0.14637421785048568
1750 0.07648383104164527
1800 0.06030226450362245
1850 0.04601616912916416
1900 0.32587683207267704
1950 0.1341702316039337
2000 0.05072280862320173
2050 0.04978187074892018
2100 0.04983165196361146
2150 0.05055589910084112
2200 0.0505576863800536
2250 0.12969435307653973
2300 0.07060835379369707
2350 0.04692575364970658
2400 0.10696804275017761
2450 0.12113778153052904
2500 0.055523850185254846
2550 0.04498817681603193
2600 0.04475869639899298
2650 0.04483919893834774
2700 0.04739993246413639
2750 0.10090598976784734
2800 0.046310572638923735
2850 0.3649923004241082
2900 0.16613419592996714
2950 0.05665600466301497
3000 0.04664481194738777
3050 0.04939361300535637
3100 0.04546853542001056
3150 0.045026228621552034
3200 0.05161512122581658
3250 0.11209321083546053
3300 0.05108648326668507
3350 0.04301149760955948
3400 0.04981185412080834
3450 0.04218248687338309
3500 0.04086298108104299
3550 0.04322177347809125
3600 0.05839420063090938
3650 0.09280095058784853
3700 0.03852992019645379
3750 0.04580650004708473
3800 0.05855529098823003
3850 0.2286735621617995
3900 0.0670391720124366
3950 0.03733553539660425
4000 0.08406233218804555
4050 0.0429478803387651
4100 0.04618513018804904
4150 0.2730548635158397
4200 0.04398145380357255
4250 0.05530101913684853
4300 0.04555329765221001
4350 0.041111146497555394
4400 0.0565862930239338
4450 0.04769495806053175
4500 0.06775508884888475
4550 0.038396781544028126
4600 0.05593050596280882
4650 0.037880703693324316
4700 0.06009728892735042
4750 0.06539761858378332
4800 0.03768994330966774
4850 0.035966185071450676
4900 0.033884857005092854
4950 0.10099381286955046
5000 0.038256722407410945
5050 0.036839285713056856
5100 0.044387715088214
5150 0.03928502007724825
5200 0.03807345007190882
5250 0.03559320549538103
5300 0.035683871823011845
5350 0.037846341818459694
5400 0.03875469876299204
5450 0.050679185688993635
5500 0.042832659473988004
5550 0.035946476986335664
5600 0.038510699467868344
5650 0.03712847287640523
5700 0.040332239649943036
5750 0.03589681697842795
5800 0.03644627919095366
5850 0.035858144529348684
5900 0.0368062260496335
5950 0.034053356466993014
6000 0.033932619100052575
6050 0.033294828136669
6100 0.04174055029972922
6150 0.034573842072319616
6200 0.049897097420753066
6250 0.057735346419647726
6300 0.0384779179072889
6350 0.04573743739738332
6400 0.03682267253152245
6450 0.03276995796699535
6500 0.033687937406085035
6550 0.031966976840588995
6600 0.03548109355894514
6650 0.03494870687285064
6700 0.03870333238057443
6750 0.03876202978744393
6800 0.03336977708163377
6850 0.03456407217073675
6900 0.05704739749066687
6950 0.03200573101892562
7000 0.03279904351224228
7050 0.03247645356111801
7100 0.03315347908558709
7150 0.05080527436117722
7200 0.03937507161510169
7250 0.03126147313258631
7300 0.03486310023210931
7350 0.03225844343326926
7400 0.051451115773446895
7450 0.043266282592352295
7500 0.04575641160266796
7550 0.03869752560640238
7600 0.035288318706638
7650 0.03330767222526402
7700 0.0308244006513034
7750 0.033591427739845886
7800 0.036911328567654125
7850 0.03310609131399162
7900 0.04733441162356522
7950 0.03147572376010548
8000 0.032433509270626555
8050 0.03243907994487757
8100 0.038783315426594134
8150 0.03480634502017727
8200 0.03404855748385337
8250 0.034366202319007555
8300 0.05159617599836713
8350 0.08568110292509196
8400 0.03565706656474518
8450 0.032511360979992236
8500 0.03623514041999349
8550 0.03446872481872126
8600 0.03053615744426828
8650 0.032713200122820675
8700 0.03165407109912547
8750 0.03850806251251523
8800 0.06968437179627268
8850 0.034213178690280725
8900 0.04207899008059226
8950 0.03202732220248833
9000 0.03243047187639797
9050 0.06648048610818254
9100 0.033173957134848255
9150 0.03148590575079879
9200 0.030917658306197138
9250 0.047704383970359567
9300 0.06721513765651572
9350 0.030437874030241455
9400 0.03195915691747503
9450 0.04518057750923051
9500 0.0303851191061737
9550 0.031729822061180975
9600 0.05082387069286451
9650 0.043275261505393105
9700 0.031196159880243466
9750 0.03204853886980921
9800 0.04191981270974401
9850 0.09027529371346897
9900 0.03149487909271633
9950 0.031172140626076837
10000 0.03354829725204159
10050 0.03339984473810697
10100 0.03138804844218217
10150 0.03216886093634885
10200 0.03350914744241164
10250 0.030866391216635793
10300 0.030004358763633672
10350 0.04493945936683548
10400 0.030419086066348803
10450 0.029989537561215033
10500 0.029989403615159862
10550 0.033254452477719715
10600 0.034259107249373026
10650 0.030572195153270816
10700 0.029107976632739375
10750 0.03247544841332875
10800 0.042874659018484335
10850 0.03047003777439342
10900 0.04679872422256517
10950 0.030499659087929988
11000 0.029173889768187307
11050 0.03645467448276841
11100 0.03018134675953116
11150 0.027749689534256272
11200 0.029587167556769784
11250 0.030842850705651344
11300 0.031863599338633204
11350 0.028862366604755826
11400 0.04117743664071819
11450 0.04292388392800279
11500 0.03775494467620211
11550 0.02964052467200417
11600 0.04732286476176935
11650 0.028675562582818535
11700 0.027644699468627156
11750 0.028002814775861248
11800 0.03180027937661913
11850 0.038997176716484096
11900 0.04205293992854209
11950 0.032703979599625906
12000 0.027876399408205424
12050 0.035229204500510126
12100 0.03433440699903269
12150 0.026419218892765852
12200 0.027593055013334932
12250 0.029613981896438376
12300 0.028610556638744063
12350 0.029135955476141756
12400 0.02997541827083267
12450 0.027383718266169813
12500 0.042673618785952376
12550 0.026997922883918793
12600 0.028359008259657793
12650 0.028569507879042628
12700 0.03509345709418913
12750 0.027658496286737114
12800 0.028034333600667084
12850 0.03461319598039119
12900 0.026948526613877175
12950 0.0320168476967268
13000 0.02920512336085355
13050 0.028313151472632907
13100 0.028438948649131657
13150 0.02882294230739426
13200 0.038813825480797516
13250 0.05133169025165078
13300 0.050170459783757546
13350 0.0277696727102171
13400 0.03808950608039092
13450 0.031842941831747754
13500 0.031266092567752646
13550 0.0299416177081484
13600 0.02911654435077324
13650 0.034107853495678804
13700 0.02997162528565396
13750 0.02667491659469258
13800 0.02691114362558815
13850 0.02902905630506199
13900 0.047185591624264056
13950 0.029821653351044836
14000 0.025877082152796018
14050 0.033051322379481614
14100 0.02614030908543824
14150 0.02643776950268261
14200 0.026020104412063295
14250 0.02607211951811768
14300 0.026240382014116024
14350 0.04014953239499337
14400 0.02609893184189425
14450 0.026450006295253143
14500 0.027060992766581256
14550 0.027970582487791006
14600 0.0314366798373399
14650 0.030276653665568913
14700 0.02510023320658643
14750 0.026422068607510382
14800 0.03416445875766613
14850 0.026517605109203847
14900 0.026370832212412217
14950 0.02802564928293308
15000 0.03471280991991882
15050 0.025657604051560888
15100 0.025197888438871607
15150 0.024038178891169788
15200 0.024717811997206435
15250 0.0255531738682303
15300 0.026427322209379624
15350 0.026575558364300055
15400 0.026358288498072358
15450 0.026114106649475576
15500 0.030935008896908516
15550 0.025863241219432075
15600 0.02923167866527576
15650 0.02376573808255412
15700 0.025339145712214114
15750 0.028778753917631582
15800 0.025774936338865715
15850 0.03181168841678508
15900 0.032484315724566816
15950 0.026211781658270403
16000 0.025816566799791912
16050 0.025357340089534913
16100 0.027756845730377892
16150 0.041035381469861014
16200 0.02521257226866742
16250 0.02616186511078198
16300 0.03060597731889547
16350 0.02658133990057778
16400 0.02668511741729568
16450 0.02744589096767417
16500 0.026092538283061708
16550 0.027978853916743873
16600 0.02764462458690075
16650 0.034107835910264776
16700 0.03059254106473676
16750 0.027098823699233613
16800 0.027307884050776884
16850 0.028948774865740788
16900 0.0265661265427276
16950 0.025691072898467622
17000 0.028850982406325155
17050 0.02824699985421628
17100 0.029657461860002114
17150 0.025560071328293636
17200 0.027381734805810284
17250 0.02721017961827635
17300 0.0325769888792589
17350 0.03184820478957284
17400 0.02470116680902606
17450 0.02473984712180813
17500 0.023169498329975204
17550 0.025625379667641116
17600 0.025519134328026365
17650 0.030211191347666307
17700 0.03051876706299705
17750 0.024074034672176652
17800 0.025024386370564228
17850 0.02466765330122066
17900 0.02670156524655483
17950 0.026678044912572696
18000 0.026692065721868084
18050 0.02462264080685278
18100 0.02541672478053791
18150 0.024910943425201924
18200 0.02440010058856714
18250 0.024288069432332113
18300 0.030320807686816036
18350 0.02386173498349407
18400 0.025975451560266878
18450 0.033413042522514536
18500 0.02795174875024274
18550 0.024147602571631444
18600 0.024345237765902993
18650 0.024192974013590697
18700 0.023330769115574038
18750 0.024366426683639156
18800 0.028596705187744778
18850 0.024175830301209626
18900 0.0366955011451533
18950 0.02663020933900965
19000 0.023649472082735448
19050 0.03562262118159586
19100 0.02490753207169438
19150 0.025356430909166405
19200 0.022451289413494523
19250 0.02687178848668371
19300 0.024859009678075045
19350 0.023915557416132525
19400 0.024020450384112206
19450 0.028264285172305448
19500 0.02275060421802303
19550 0.037332750601644274
19600 0.02752296411754791
19650 0.02217685055967513
19700 0.02305474133735604
19750 0.025642327710658518
19800 0.025479382311647168
19850 0.029918104256108375
19900 0.02656603675189674
19950 0.022943523486993505
20000 0.028158559978435072
20050 0.0234355944441078
20100 0.021889311001538337
20150 0.022779657186822875
20200 0.0226871889999525
20250 0.02871123899926752
20300 0.02962637963557515
20350 0.025055449956724565
20400 0.022367471271768163
20450 0.02309067784972857
20500 0.022730645665540155
20550 0.021651158097429894
20600 0.022175116722039992
20650 0.022353856329051867
20700 0.03138263484816746
20750 0.021729693709031113
20800 0.02917264907409778
20850 0.024183573153433596
20900 0.022609218979090157
20950 0.022586854841310452
21000 0.024197083404972224
21050 0.028032322611406712
21100 0.0250137030185817
21150 0.02728607092079862
21200 0.027020732500202527
21250 0.02318292325478272
21300 0.021314144933353162
21350 0.022473445102591198
21400 0.023475953935779476
21450 0.02755654746576746
21500 0.022481396480411402
21550 0.02131813870736119
21600 0.024098775578565802
21650 0.024908895386435648
21700 0.022775266291996537
21750 0.021093984563361843
21800 0.027731464087230456
21850 0.022699079385608625
21900 0.024622566776948296
21950 0.022317895356996298
22000 0.021438362220905855
22050 0.022102914075536287
22100 0.021388544193289272
22150 0.02210049204531169
22200 0.022998460067880148
22250 0.022293037825748933
22300 0.021718593683126824
22350 0.0220651069221137
22400 0.024906348565384328
22450 0.02205897814977635
22500 0.023466854501672775
22550 0.024264192468378996
22600 0.023074843852348842
22650 0.02137074962197426
22700 0.020697367509812013
22750 0.022482442609829425
22800 0.02091505170909304
22850 0.029360836638925268
22900 0.021231615935033497
22950 0.021932313049479527
23000 0.022113177774524238
23050 0.02185309544963163
23100 0.021799844666519085
23150 0.0197991676198912
23200 0.021707620608745426
23250 0.02157886610722212
23300 0.02098802229667668
23350 0.031135724261360253
23400 0.02894973198665271
23450 0.020988725303766678
23500 0.022264786533340287
23550 0.02042689433746435
23600 0.03677780848958173
23650 0.02195999795532596
23700 0.024206760801839314
23750 0.020380053189581245
23800 0.02487403325226286
23850 0.023798873984497763
23900 0.03116337774857319
23950 0.020340391439988014
24000 0.021233663267758295
24050 0.024461650742966766
24100 0.02031554208372857
24150 0.029797336425907518
24200 0.02061545691090506
24250 0.02209392965696309
24300 0.023050139491134068
24350 0.02237333219217652
24400 0.03282943693498967
24450 0.020189191704833572
24500 0.020109306612545202
24550 0.026870259162732228
24600 0.022295134640406365
24650 0.020919438509724834
24700 0.019627909821443936
24750 0.02054263366087755
24800 0.020060977868209904
24850 0.020088534795217224
24900 0.0196721405117391
24950 0.02595271138250484
25000 0.0213284056892949
25050 0.021692624546306053
25100 0.01992497403594697
25150 0.024880751721290006
25200 0.021462717598121402
25250 0.023485301414197655
25300 0.019441017367109577
25350 0.023285239299500573
25400 0.020003397168991428
25450 0.02071741897988526
25500 0.020806359924001126
25550 0.023656453435207045
25600 0.020616306395165786
25650 0.019727599097047317
25700 0.019130727597273432
25750 0.01955206428864125
25800 0.022712924992826875
25850 0.019901548189536173
25900 0.022607408121726864
25950 0.021689714175838343
26000 0.02194338163833673
26050 0.025182624111954058
26100 0.0209673384438864
26150 0.021900729043434465
26200 0.022152144796986795
26250 0.02025270810746031
26300 0.02535527500954379
26350 0.029230931171158565
26400 0.022994479401707374
26450 0.020368861611832254
26500 0.03147172497174024
26550 0.0323736003455271
26600 0.021924493596460953
26650 0.02355912251131087
26700 0.022617817836858983
26750 0.020261659704203547
26800 0.021849500985062283
26850 0.01962863064374542
26900 0.019744692976115343
26950 0.01916206742103282
27000 0.020487562605942648
27050 0.019060624074874487
27100 0.019875505518329537
27150 0.0211377215523359
27200 0.019444864256440066
27250 0.01924792965238475
27300 0.023274801873020577
27350 0.019558607584872024
27400 0.020494124885183297
27450 0.020279293442300148
27500 0.02164067723714525
27550 0.01927425896040327
27600 0.020181689825366837
27650 0.020500886550947044
27700 0.019443582984785757
27750 0.03464794591134594
27800 0.02118111213972303
27850 0.020099710221914827
27900 0.02219124710464873
27950 0.021258278207925998
28000 0.02021019487759209
28050 0.02156391664281626
28100 0.019972869756556953
28150 0.0195445404013381
28200 0.020688810057045225
28250 0.018372703232209284
28300 0.019310178458696307
28350 0.02275221984254294
28400 0.022605716603613615
28450 0.02931464735521117
28500 0.020928812116828698
28550 0.018940667536791893
28600 0.018380345833398294
28650 0.02030717473462427
28700 0.01912735689614299
28750 0.018693304116815575
28800 0.020835926157354558
28850 0.03019506184514446
28900 0.029035417920760514
28950 0.018602183391039268
29000 0.018599612351644035
29050 0.025393639583432392
29100 0.018962266497628322
29150 0.01860153970891123
29200 0.018728141460470037
29250 0.01883932655754245
29300 0.017913720647640095
29350 0.019144157711326742
29400 0.018302581802521072
29450 0.01874771741958902
29500 0.021017879352362472
29550 0.0230044362449867
29600 0.02208950246557154
29650 0.02216721210385789
29700 0.020782163492151225
29750 0.01888164834581407
29800 0.01912509360675582
29850 0.022097613408358745
29900 0.01915929496023221
29950 0.018630028769272458
30000 0.018994433850077347
30050 0.019323174540707134
30100 0.01950812935217754
30150 0.0218971207786504
30200 0.019070137151044157
30250 0.018377460850191096
30300 0.018079972403907525
30350 0.018596990712874163
30400 0.01940906199002544
30450 0.018624011462304798
30500 0.01800382338490284
30550 0.01811157311946667
30600 0.023275353193706032
30650 0.023353916156073243
30700 0.023059941522224132
30750 0.021894189474004577
30800 0.02033355549032548
30850 0.017403901860172776
30900 0.017923208677453503
30950 0.01841690284597846
31000 0.01965157679729697
31050 0.01812611393325761
31100 0.01885059018232025
31150 0.02363727889173034
31200 0.02046214812694272
31250 0.02178665814574022
31300 0.018306043832795313
31350 0.01999309265940049
31400 0.018573502271363184
31450 0.01970951353479535
31500 0.017451399267513584
31550 0.017983355362579546
31600 0.01862284981927557
31650 0.01861874126979627
31700 0.017800258615155957
31750 0.01884768441122506
31800 0.017598110671862753
31850 0.018382235688834292
31900 0.025240705810987297
31950 0.021161665132932272
32000 0.01783052302150053
32050 0.017470454947624645
32100 0.019319989321407938
32150 0.018293123130140615
32200 0.019188757688608678
32250 0.022800789523291783
32300 0.023920960506760965
32350 0.025344452361605166
32400 0.021992196317035848
32450 0.02084744735421377
32500 0.01807873755268066
32550 0.0179990509820522
32600 0.020041265496498813
32650 0.02077804132046774
32700 0.019109840047275454
32750 0.021285425770104366
32800 0.018849341048677182
32850 0.01837916514732946
32900 0.01766942063516288
32950 0.017128267267632495
33000 0.020527628498988783
33050 0.0191700616066987
33100 0.02042995962794487
33150 0.01780472301212746
33200 0.01825125564169508
33250 0.018590945002896212
33300 0.01890884712797871
33350 0.020840034378792328
33400 0.018904610535945828
33450 0.017787202794772028
33500 0.017853367935640362
33550 0.018379738084830954
33600 0.01851444536755373
33650 0.01895299747284832
33700 0.017042852454282862
33750 0.01877955766909444
33800 0.017402600532115613
33850 0.020008323783258678
33900 0.018200701230075934
33950 0.024017352492087685
34000 0.019543106271464872
34050 0.018889970378260252
34100 0.01793025059533843
34150 0.0172872719941707
34200 0.018471166444769375
34250 0.01734236437042468
34300 0.020271027495924278
34350 0.02209518472417121
34400 0.020873535758126973
34450 0.017773693506317568
34500 0.018841890139391314
34550 0.017854364450761998
34600 0.017310933529430594
34650 0.01818457801551776
34700 0.01819359971810102
34750 0.017447029495884732
34800 0.01804453797238272
34850 0.018161228856526757
34900 0.019308593128389548
34950 0.017758252375233728
35000 0.017927918800816962
35050 0.017464335186795313
35100 0.018015619007822208
35150 0.01818573521122327
35200 0.018984450194963146
35250 0.017908781572337894
35300 0.016611302351843087
35350 0.01755066113743257
35400 0.017895545115613098
35450 0.018128237554084395
35500 0.02079950527216074
35550 0.01860817254159878
35600 0.017412301295536895
35650 0.016341454628189606
35700 0.018419320823187334
35750 0.0186589831715982
35800 0.018701225390452332
35850 0.0198308682847066
35900 0.019965999106455936
35950 0.01968198028478423
36000 0.017535743517712452
36050 0.01763277868396663
36100 0.018087490918631693
36150 0.019958068117618764
36200 0.01840152618793088
36250 0.017870808440499947
36300 0.01964671036941074
36350 0.023225307144969037
36400 0.018601171641737555
36450 0.017932129723963304
36500 0.019538718055448278
36550 0.019374538448223396
36600 0.022060665113832884
36650 0.017954684620083573
36700 0.018094252987281
36750 0.017705986567174533
36800 0.01716061925859736
36850 0.019506316997531605
36900 0.018917889158103666
36950 0.01750049334566419
37000 0.0186695093908235
37050 0.019657972632664097
37100 0.02040194573805178
37150 0.02036224523186541
37200 0.021568885463424548
37250 0.0193318160324204
37300 0.01746091673309956
37350 0.018222379960946673
37400 0.017207212280343817
37450 0.017720683757380187
37500 0.017995609410111756
37550 0.017614043883695113
37600 0.017711473353707024
37650 0.01785725221187802
37700 0.019547155075434502
37750 0.02112991910602152
37800 0.017920859898591306
37850 0.018232994844234598
37900 0.01783533668249196
37950 0.017623346766786452
38000 0.016746254240504736
38050 0.02249129464142529
38100 0.019884874433399112
38150 0.019433630666789794
38200 0.02007595949216576
38250 0.022474734274736573
38300 0.01888094066649813
38350 0.01705789109718758
38400 0.017454391491734292
38450 0.017371247615292233
38500 0.01771659522950979
38550 0.017849565647485983
38600 0.017696655861456207
38650 0.019974919072174642
38700 0.022749222163656425
38750 0.021137268762599373
38800 0.017344160489439975
38850 0.017012753427006748
38900 0.02027802326153488
38950 0.01974187510590808
39000 0.017374870257934605
39050 0.02828407274961491
39100 0.019520882006598808
39150 0.018998138909381
39200 0.021928946345969882
39250 0.01752386821588561
39300 0.019281306365213958
39350 0.01776723290668705
39400 0.01986669661139392
39450 0.019110988746507383
39500 0.01898421408375967
39550 0.01965650465220175
39600 0.02258141774904767
39650 0.02246667795094198
39700 0.02162656143525962
39750 0.02247900237956233
39800 0.019928998208716173
39850 0.021824755866881533
39900 0.01955418696936941
39950 0.019703676671888264
40000 0.017285566103580563
40050 0.016988406554572733
40100 0.017102881083521468
40150 0.017498136704891205
40200 0.01719714390523128
40250 0.017531426381775433
40300 0.017199923722062083
40350 0.017362924977663657
40400 0.01711619545646105
40450 0.01752803527319076
40500 0.01740374654096583
40550 0.017455591319092252
40600 0.01752139207992952
40650 0.017599766055011234
40700 0.01738164661808847
40750 0.017670885073565467
40800 0.017873564916697227
40850 0.01797921214545982
40900 0.017085070863198454
40950 0.017906446307632103
41000 0.01890971581960686
41050 0.018656677404269253
41100 0.01848303458695553
41150 0.019513210073601288
41200 0.017612016807092824
41250 0.01745333447383937
41300 0.01753906422772185
41350 0.017271212005812286
41400 0.018031509576741624
41450 0.017169456441177944
41500 0.017342342570449622
41550 0.016596756936059127
41600 0.017167447597036017
41650 0.017143682026793543
41700 0.017456106508994162
41750 0.018288151254838087
41800 0.01713440717340292
41850 0.017856035403900364
41900 0.017071140027725567
41950 0.01705811496918748
42000 0.017448760354164424
42050 0.01796677301907299
42100 0.01721071407138368
42150 0.01721153866649268
42200 0.018373721527380874
42250 0.017811680634834178
42300 0.01721163960578317
42350 0.01700722318045802
42400 0.017696012249692993
42450 0.01661797902410733
42500 0.017515241295974152
42550 0.01712789605981323
42600 0.01668959795715136
42650 0.01660877768993593
42700 0.01648016508857599
42750 0.017104751235653935
42800 0.016478348424047686
42850 0.018101755326980887
42900 0.01771198383881339
42950 0.019740853719465056
43000 0.018527912114212994
43050 0.02117400425474593
43100 0.021333746632372804
43150 0.02232764300560826
43200 0.026764080791705377
43250 0.02316678351490941
43300 0.020322705525803165
43350 0.021553125941709484
43400 0.021513813618996232
43450 0.018264175323900147
43500 0.017068259390304326
43550 0.016804286048701923
43600 0.01659007075525472
43650 0.0167643147495064
43700 0.01769169603278717
43750 0.01734593036815441
43800 0.016954705944903312
43850 0.01659968083685363
43900 0.016634012371236795
43950 0.01617432360729111
44000 0.018238966590741652
44050 0.0173124337102314
44100 0.017072630525669864
44150 0.0173523651941617
44200 0.01802925242144151
44250 0.018449181787460283
44300 0.018056542503802866
44350 0.017426078366233694
44400 0.0177444657887722
44450 0.01895781660976831
44500 0.020403864543332356
44550 0.018983202324867485
44600 0.017691964946389582
44650 0.017545604998248063
44700 0.018033289724670193
44750 0.019204530842908827
44800 0.01851808515090401
44850 0.01879085391823548
44900 0.017546418860012503
44950 0.017556491028064534
45000 0.01772235691911205
45050 0.017484827126562685
45100 0.01801792884561283
45150 0.01814422447052051
45200 0.01758317706449106
45250 0.016230055058622187
45300 0.016673522185317383
45350 0.016443992419510733
45400 0.016717854934648675
45450 0.01730119947337285
45500 0.01694992169331597
45550 0.01645785413161559
45600 0.017069900108433813
45650 0.01699859689186828
45700 0.016999110906684583
45750 0.017114834605050734
45800 0.018218861792718755
45850 0.01744317050992602
45900 0.01762354811196598
45950 0.01849354053911916
46000 0.017418302567287183
46050 0.01749932989681911
46100 0.01692576422343035
46150 0.016384519013926756
46200 0.01573158403970596
46250 0.016416522941324663
46300 0.016335798354839323
46350 0.016494850350722
46400 0.016645883280168083
46450 0.016484591575655277
46500 0.016334484506003936
46550 0.01689266817276204
46600 0.016291739160626435
46650 0.016523876247078868
46700 0.017531144167146923
46750 0.016331781720026313
46800 0.01822152572113532
46850 0.017533418048480312
46900 0.018085944986378145
46950 0.018621171313913602
47000 0.018130972968090547
47050 0.01813401809660816
47100 0.016272301147406316
47150 0.016827103469971228
47200 0.0169178263776078
47250 0.016667910855056027
47300 0.01759837084087304
47350 0.01723488680446932
47400 0.01701817504715473
47450 0.017559365173986864
47500 0.01679257651245017
47550 0.016378833266727507
47600 0.016843263642264062
47650 0.016601181407908453
47700 0.01626556396712742
47750 0.016905688692815692
47800 0.016611206453865525
47850 0.015885337965672975
47900 0.017206368370642582
47950 0.01629064078879325
48000 0.016598582528919083
48050 0.01683979363203979
48100 0.016408528286991485
48150 0.017039662833974352
48200 0.01614196804030559
48250 0.016743914269447525
48300 0.01694185557225115
48350 0.018533214214322677
48400 0.018605530591213084
48450 0.016492784773495875
48500 0.01753843094382709
48550 0.01740069366674855
48600 0.0173026896358844
48650 0.01736851018107424
48700 0.01660793172269933
48750 0.015823389884879763
48800 0.01764114148963115
48850 0.018223359696669716
48900 0.016464043973499827
48950 0.017578349420645973
49000 0.017048464158549593
49050 0.01737916587908629
49100 0.017894640052940433
49150 0.017432972081888983
49200 0.01768449056661291
49250 0.019839630577420605
49300 0.018843304703730104
49350 0.017592116675744913
49400 0.01712245066550385
49450 0.016568897710295606
49500 0.016890776538219115
49550 0.016712344541969272
49600 0.01613150716659604
49650 0.016306609359537656
49700 0.016858187849047083
49750 0.016671776397589804
49800 0.01629788205406599
49850 0.016611347298653004
49900 0.016830674601828032
49950 0.016879577640169948
50000 0.016890788685384003
