50 1.0027988511778694
100 0.9943053675088193
150 0.9938407188265652
200 0.9929774283372567
250 0.9924076814078613
300 0.9915630406118889
350 0.9902735292485663
400 0.9888048971726113
450 0.9868357599809832
500 0.9842704315591093
550 0.9811434410740801
600 0.9763299672513291
650 0.9694330236762203
700 0.958825185261646
750 0.9433934821700598
800 0.921708031296448
850 0.8853618764610478
900 0.8171256406094491
950 0.6949551732282021
1000 0.5333090299435093
1050 0.370364171218424
1100 0.2899177542941523
1150 0.22286962412676553
1200 0.2010958462611815
1250 0.19274653379274076
1300 0.12045560083067537
1350 0.10216079169261245
1400 0.10326042696917008
1450 0.12612061273737224
1500 0.09845575940023266
1550 0.07559562285576191
1600 0.12733182653737093
1650 0.09595547758303662
1700 0.08320352496302745
1750 0.07873260942513936
1800 0.06844623499362784
1850 0.08358973990651163
1900 0.0652140667981654
1950 0.13001977589218663
2000 0.079371604410818
2050 0.06125885529015434
2100 0.050455609119009946
2150 0.09458848463671839
2200 0.058716268179903816
2250 0.04696725496333306
2300 0.05158770371853219
2350 0.05320272867176315
2400 0.12090208189715775
2450 0.07929279359450957
2500 0.04464703241578996
2550 0.05079347655363342
2600 0.046659046342354696
2650 0.0442817462506844
2700 0.1141147387218612
2750 0.04768867517988372
2800 0.045469223675984424
2850 0.04155950404095587
2900 0.06387413340031216
2950 0.06548946061223668
3000 0.04923735034150591
3050 0.03862087392984812
3100 0.06377945955141148
3150 0.047927455775353976
3200 0.034011434972252966
3250 0.0652726410005928
3300 0.03542429211407768
3350 0.07384286786698564
3400 0.04214750781773177
3450 0.03525676996495854
3500 0.032485487682601205
3550 0.06643355650647255
3600 0.04378863686834099
3650 0.03354132491138623
3700 0.040593851003274756
3750 0.030180185989565293
3800 0.07671867028046007
3850 0.032553110492533274
3900 0.060880352227612095
3950 0.037756518490636035
4000 0.04565549288118036
4050 0.08951573499520445
4100 0.04313705234869162
4150 0.03545875423986744
4200 0.05904983840503219
4250 0.06993450286221217
4300 0.0398366421750247
4350 0.0353232160200847
4400 0.042617338965935204
4450 0.049807723994446516
4500 0.039801107288321834
4550 0.03929696872553758
4600 0.062154892740472145
4650 0.04671859608336656
4700 0.13787090905794153
4750 0.0789612119611626
4800 0.03509583887524377
4850 0.038971761286202604
4900 0.03394561710434238
4950 0.03514086750165074
5000 0.03399011071665228
5050 0.03415163543599189
5100 0.03475060441976597
5150 0.036779628855453564
5200 0.035690489578002416
5250 0.044448918416900435
5300 0.031107055418867713
5350 0.029997580624519623
5400 0.03129328906894502
5450 0.03600464919218706
5500 0.03278925028902654
5550 0.040203813474769395
5600 0.03407778444306502
5650 0.038707215390366645
5700 0.045185004693315954
5750 0.036480013521452935
5800 0.032001226851043216
5850 0.03027184907817136
5900 0.030686225780286833
5950 0.031036935140608655
6000 0.03701415021583457
6050 0.04256374476400933
6100 0.03699848048627845
6150 0.042361323198276214
6200 0.03625261606907691
6250 0.03357166165700602
6300 0.04046368797678523
6350 0.05096211274396644
6400 0.045522771838629475
6450 0.03090965512267481
6500 0.03172999806870693
6550 0.029261785255394298
6600 0.028931153982969294
6650 0.028723538529027696
6700 0.028215298411590695
6750 0.030259469341462588
6800 0.039903394104941606
6850 0.04646893511584573
6900 0.04825256050376199
6950 0.04113910556465294
7000 0.030318944764545098
7050 0.02938774964151431
7100 0.029482701710217784
7150 0.03390249525670336
7200 0.04928035293036144
7250 0.02791788681090572
7300 0.030771668177557082
7350 0.04141884776455674
7400 0.04653001171348869
7450 0.03731490356588774
7500 0.052909327060106634
7550 0.03341595256764015
7600 0.02969814420130608
7650 0.03391825984699216
7700 0.031957363347367956
7750 0.024931377409452678
7800 0.02717664862419893
7850 0.04835148129028653
7900 0.03178229102728261
7950 0.027994130807852218
8000 0.0285657316496434
8050 0.02554879055403195
8100 0.02861174391318782
8150 0.02639935769673109
8200 0.025730725845541907
8250 0.023909200792443287
8300 0.09285869080974779
8350 0.03843927019284262
8400 0.03525087854137279
8450 0.031962186476168906
8500 0.02374912451414457
8550 0.023227772052475372
8600 0.03470582289197486
8650 0.03032378737219621
8700 0.026444114500869965
8750 0.0254784299309977
8800 0.02366386361736085
8850 0.04096320865114524
8900 0.028053992941337015
8950 0.03422260746863226
9000 0.03817701047986775
9050 0.026303238498150056
9100 0.03431098850033263
9150 0.029420652053467312
9200 0.054194100780833455
9250 0.024008800432281208
9300 0.023087312209633244
9350 0.021659634607169277
9400 0.03915434375631923
9450 0.02361184481236773
9500 0.043287163670525985
9550 0.02861247876666022
9600 0.07103177444836184
9650 0.057521775379098194
9700 0.02377925778406767
9750 0.03308994305414758
9800 0.023812281875899923
9850 0.023969037619145435
9900 0.03855207558802565
9950 0.023339761843510387
10000 0.027640178120686837
10050 0.026337135756478582
10100 0.02266267156732307
10150 0.022646320901455734
10200 0.022592580379998468
10250 0.02209193856908684
10300 0.024864659117735777
10350 0.022368162897298836
10400 0.024616147375891056
10450 0.02166371250673409
10500 0.021182602852023856
10550 0.02113436111085776
10600 0.027845901017729508
10650 0.021708900031726854
10700 0.024381246915746543
10750 0.02176300773980527
10800 0.02226504514273993
10850 0.02434477506574495
10900 0.023520943270728876
10950 0.021709640606790828
11000 0.027793055003587943
11050 0.022556885960321404
11100 0.021116917185498782
11150 0.020671330386672238
11200 0.020583794006108894
11250 0.023181138311096323
11300 0.022997205785207416
11350 0.024032836754680004
11400 0.021611010853435777
11450 0.020338825540016064
11500 0.027779965248612985
11550 0.024702330944955626
11600 0.024682269653971706
11650 0.020599428498546325
11700 0.021084859515727118
11750 0.02048670669340168
11800 0.02746444634145377
11850 0.02256472135112654
11900 0.041581011823442225
11950 0.024846152191858623
12000 0.02640006986417034
12050 0.020739576976831403
12100 0.01960094347502547
12150 0.02938653672204539
12200 0.03364121193551397
12250 0.026811821056768045
12300 0.021259706420973898
12350 0.023944010234187102
12400 0.02406024002969046
12450 0.0220713829985839
12500 0.018657217269817356
12550 0.03066782896854683
12600 0.03457639092235019
12650 0.03247560924308522
12700 0.03646276882542387
12750 0.021369349033448854
12800 0.037838614318886604
12850 0.034347157217353666
12900 0.029227752458459422
12950 0.019352605966566957
13000 0.03129687705063666
13050 0.034001948116729616
13100 0.019609586818836306
13150 0.024544224890825295
13200 0.023130163442924866
13250 0.018002161637360996
13300 0.018574339015075967
13350 0.023636678259912693
13400 0.018577293007592463
13450 0.029795851939554117
13500 0.01762352746274142
13550 0.028427445022772776
13600 0.02541607262955432
13650 0.03838800004538049
13700 0.02271810001806127
13750 0.018780701047411127
13800 0.01868458187710027
13850 0.021218482186788304
13900 0.0329774771045973
13950 0.019066927653738956
14000 0.01813120268132784
14050 0.02127427276545986
14100 0.01910577480157368
14150 0.020437904197944234
14200 0.03184885721470064
14250 0.01922489276761712
14300 0.021129823324114706
14350 0.0286837772342188
14400 0.02871972315167409
14450 0.025242134561026395
14500 0.016722664769300066
14550 0.022556954585890604
14600 0.020532301131076524
14650 0.018363580621918164
14700 0.017917595182638232
14750 0.019093302487266907
14800 0.026385310547176525
14850 0.022987242345785815
14900 0.02003236359951401
14950 0.024117611178518465
15000 0.029040515284985205
15050 0.022196351816720507
15100 0.019654726228472613
15150 0.019467275429678885
15200 0.016678066782019853
15250 0.015753709211320202
15300 0.017029754111299054
15350 0.01951869817390015
15400 0.01633389482765248
15450 0.016065055499000405
15500 0.015508283757850258
15550 0.025159123512002158
15600 0.01576535337303668
15650 0.01663420628870254
15700 0.019081572108925055
15750 0.017188186625266905
15800 0.03976484583399246
15850 0.01689678535833704
15900 0.015342162213527941
15950 0.015988097164781213
16000 0.026124092819610215
16050 0.01848241501424376
16100 0.01605692911653048
16150 0.02149226622135919
16200 0.01985214631795477
16250 0.021508891546099262
16300 0.016120358130556664
16350 0.018877684710401625
16400 0.015820149201149616
16450 0.016231548725593122
16500 0.019253168601810384
16550 0.015618932799514125
16600 0.016598380286880616
16650 0.017151239208160383
16700 0.01612926139566986
16750 0.01632519317463379
16800 0.019202909453446628
16850 0.015094217640920993
16900 0.01484095462102353
16950 0.015533628949409954
17000 0.0250221141805987
17050 0.018831690048884152
17100 0.015018622239688311
17150 0.018107523060203422
17200 0.02782124472068944
17250 0.015187593654810474
17300 0.017059689567153404
17350 0.015115145458063311
17400 0.023834856552382894
17450 0.014872245193854591
17500 0.01888103124189111
17550 0.014470884795521418
17600 0.015191724931845308
17650 0.02023234958030457
17700 0.015560177028030043
17750 0.021246387488425382
17800 0.016348843623579235
17850 0.027322020803500987
17900 0.020462696515131155
17950 0.026355575492759634
18000 0.019117761785019442
18050 0.018427241131437053
18100 0.017226505387567637
18150 0.014816531654796135
18200 0.015057468047720146
18250 0.015388043796391747
18300 0.01371189230683445
18350 0.02010305466528579
18400 0.014474148631607304
18450 0.03214764959796435
18500 0.0318667021398456
18550 0.030203129056245087
18600 0.018776909414222515
18650 0.018974127776805193
18700 0.021689398561675344
18750 0.014762408862762855
18800 0.01278842970272812
18850 0.014924128925411641
18900 0.015561672765953263
18950 0.026068871252188815
19000 0.02094184997085626
19050 0.013260251756821065
19100 0.012633143227458548
19150 0.023041729404251584
19200 0.040214388715855254
19250 0.0371221653113686
19300 0.021160634237528324
19350 0.01992918200382715
19400 0.01936225616733715
19450 0.015288824698035903
19500 0.012475464277492548
19550 0.012895997973748165
19600 0.013223187735428278
19650 0.01401133046353918
19700 0.014934489715131984
19750 0.012286865191843693
19800 0.012568341625626634
19850 0.014747208466411083
19900 0.013593670082030678
19950 0.020377048522921222
20000 0.01234671463214001
20050 0.011655005905718345
20100 0.013208329450481596
20150 0.012586996892876925
20200 0.012410066968425709
20250 0.012252996995498415
20300 0.017056195386486304
20350 0.013197514627634731
20400 0.019406717603726746
20450 0.023668855131828793
20500 0.02952348077208438
20550 0.013715347488010779
20600 0.015838060030419255
20650 0.013112221146920625
20700 0.015171265318976812
20750 0.013365098291000625
20800 0.012749281867768688
20850 0.013582055985365493
20900 0.019555209426537185
20950 0.015113324737569283
21000 0.01498809289664167
21050 0.014211372717901818
21100 0.012967737596055883
21150 0.014873655402884363
21200 0.015122078820173065
21250 0.028461057896681952
21300 0.022072499449458306
21350 0.017668768281004176
21400 0.018529763276313147
21450 0.0184010051554171
21500 0.013515210038847862
21550 0.012963215295407865
21600 0.01481309882142984
21650 0.012917681976351411
21700 0.0297102386723972
21750 0.022342252196728377
21800 0.01724657796284704
21850 0.013864450057878876
21900 0.019871468371747712
21950 0.01150308791990572
22000 0.011821437713408135
22050 0.01141604665282625
22100 0.017910596268971526
22150 0.024581816588656224
22200 0.013006233399652619
22250 0.018007553159818765
22300 0.024088423431649453
22350 0.01275221917520783
22400 0.013695634412625718
22450 0.011146447923767101
22500 0.02864451058207736
22550 0.029756472473378884
22600 0.012599222035976283
22650 0.020944746611402585
22700 0.02057664066643524
22750 0.023230351550847936
22800 0.011046654925652894
22850 0.010849693844033942
22900 0.014420948257884291
22950 0.017932375959144764
23000 0.016567284490015873
23050 0.012164265772106195
23100 0.016138868593219086
23150 0.01960312249143974
23200 0.012106261068130722
23250 0.020448034446945543
23300 0.011709564258597495
23350 0.011615460364498738
23400 0.011358458838988053
23450 0.029761748804843828
23500 0.011232320912388674
23550 0.016844190120077072
23600 0.01631708705154562
23650 0.018086932071660854
23700 0.026018881103679274
23750 0.019523311264494782
23800 0.01739420508599855
23850 0.012136249750403288
23900 0.033154692291097396
23950 0.014811440744381838
24000 0.021984536706392
24050 0.014520057119303337
24100 0.02030580442129811
24150 0.012209997062016002
24200 0.024137902778580696
24250 0.014166951997604498
24300 0.03230664513030487
24350 0.02865753383914326
24400 0.01287456192417916
24450 0.01364264857644734
24500 0.011668435597835786
24550 0.016868547887529853
24600 0.025847457690884076
24650 0.016230917479572518
24700 0.012924299811200732
24750 0.014034141600507756
24800 0.015207752057872514
24850 0.010843300676021394
24900 0.017307779095782516
24950 0.013151833568432556
25000 0.014167377378398125
25050 0.016216397435056255
25100 0.014488723146723542
25150 0.011067685734533119
25200 0.01097156082130735
25250 0.015490494597943615
25300 0.013375142124099945
25350 0.020140662967115884
25400 0.02270391214321092
25450 0.01490840851480755
25500 0.010810185369523285
25550 0.015859121137890227
25600 0.011659092051827831
25650 0.014986946711872878
25700 0.011034336541078053
25750 0.017594872958335762
25800 0.01076139802468795
25850 0.011454885237072209
25900 0.011949096151202637
25950 0.012017389692551153
26000 0.013298230877917601
26050 0.018385675818651002
26100 0.01687849547402037
26150 0.011741916098780903
26200 0.016851381899531254
26250 0.011768043562290309
26300 0.01063918131398018
26350 0.011396315885713128
26400 0.010725527370951634
26450 0.019187107382514845
26500 0.013076208779843912
26550 0.012956983721541549
26600 0.011094623810874279
26650 0.010548813491483766
26700 0.014886357445407158
26750 0.01157343430727836
26800 0.01040881542501335
26850 0.011541509313737609
26900 0.0103633883178385
26950 0.010038659773060026
27000 0.012545174974682697
27050 0.01945324678882038
27100 0.010743462140661415
27150 0.011436735438195065
27200 0.01900021394234217
27250 0.013924765884728147
27300 0.010164464271100125
27350 0.013517212851581719
27400 0.01230616562622096
27450 0.015202908214936833
27500 0.01159928324621325
27550 0.01979415084864768
27600 0.022768463491150234
27650 0.012684159448234191
27700 0.023301774349384685
27750 0.03907089956181434
27800 0.03617372298407647
27850 0.03234988789022705
27900 0.015243070295341528
27950 0.010246345496370593
28000 0.01836030665244667
28050 0.012777202231346799
28100 0.012103776759070642
28150 0.014716332056701002
28200 0.023964014943373677
28250 0.020007890095982625
28300 0.027941042634068165
28350 0.010462063166723611
28400 0.013598814394998406
28450 0.01502718081774121
28500 0.010309927804965664
28550 0.010407193544195142
28600 0.011220824929188532
28650 0.010318116949969463
28700 0.012143002942658495
28750 0.029010949551397908
28800 0.010176330075587001
28850 0.01400821073131236
28900 0.015995033434614767
28950 0.01752844365136142
29000 0.014911590739622033
29050 0.015064738722611496
29100 0.010359437124868306
29150 0.011053982902145649
29200 0.010826127132189058
29250 0.009804974362860028
29300 0.015073189915299745
29350 0.010492100335226717
29400 0.010306953681688004
29450 0.010618766225670586
29500 0.011601962119443237
29550 0.011435046230047973
29600 0.01060318014506803
29650 0.012602689962195181
29700 0.011801107758317537
29750 0.01888398176872552
29800 0.012599336443923165
29850 0.022504299724414995
29900 0.029381565148744262
29950 0.012802625636518376
30000 0.025435294202436495
30050 0.016580440850017735
30100 0.014622091710007595
30150 0.01358409978293025
30200 0.011138231920224895
30250 0.01257532014108643
30300 0.014699938043190927
30350 0.011117863623823093
30400 0.012034414531232265
30450 0.01933411409566831
30500 0.019272326213037556
30550 0.020976329336488093
30600 0.01155548146575015
30650 0.010506969806978921
30700 0.015345948433732614
30750 0.012819502586092326
30800 0.014173020873962274
30850 0.010927202895430662
30900 0.010195705526432324
30950 0.01614256067046986
31000 0.010096702240972293
31050 0.015272850764445813
31100 0.019696634671092516
31150 0.012672649436643549
31200 0.009451683618536866
31250 0.01200354594674844
31300 0.01483302078568985
31350 0.016884324963261282
31400 0.014867720247133582
31450 0.009186336815506329
31500 0.018616982419105442
31550 0.010110117070628545
31600 0.01464201506508021
31650 0.01062374765353225
31700 0.009233748859192214
31750 0.01059170042943826
31800 0.008786234337505404
31850 0.008034058338097946
31900 0.014828570364584336
31950 0.011059238787395079
32000 0.008720225540115999
32050 0.020002237375339644
32100 0.010516644023730757
32150 0.008682283454556777
32200 0.011157737436116727
32250 0.010798587941462176
32300 0.016721314789832693
32350 0.012739435185351774
32400 0.01213422234520409
32450 0.013266716797688202
32500 0.016797264637930277
32550 0.038444038858558106
32600 0.010232115111519098
32650 0.015375368653865351
32700 0.011445534189383301
32750 0.008359580563693094
32800 0.01200404021323458
32850 0.00799798419014276
32900 0.009164377069372958
32950 0.008039321009686238
33000 0.01268989512673538
33050 0.009388964626451841
33100 0.01173560916266608
33150 0.012529856807814009
33200 0.012856394758760162
33250 0.018423297629183513
33300 0.008308080990371187
33350 0.012204027781622665
33400 0.010569925978745853
33450 0.009696701477802955
33500 0.009504403061429936
33550 0.010518854827640235
33600 0.008681549041841442
33650 0.00862856048640868
33700 0.010385546705479726
33750 0.009067706161170091
33800 0.021347337167286623
33850 0.016759939694619832
33900 0.01165091215738201
33950 0.00853678068783381
34000 0.014692775241519363
34050 0.010281945604379476
34100 0.014293740629364279
34150 0.022158410079255654
34200 0.013781573341102006
34250 0.007523620767846335
34300 0.008131477349100994
34350 0.008022778906628548
34400 0.01265785733975366
34450 0.007465416162363287
34500 0.011893396176076243
34550 0.010789370516243546
34600 0.008390641918178803
34650 0.01157646967220281
34700 0.009362583839885365
34750 0.020706661296781365
34800 0.014277617522504322
34850 0.020119627050745707
34900 0.015147797365654246
34950 0.010024050630668045
35000 0.009293104927246859
35050 0.009365235588611095
35100 0.009769905546590282
35150 0.008874909209118912
35200 0.008589024443034684
35250 0.009728894106694619
35300 0.009115192877029561
35350 0.00806334933163559
35400 0.010035666631218973
35450 0.008590737124129324
35500 0.008208171182634814
35550 0.013675631515559679
35600 0.011515702240527755
35650 0.010292994236321696
35700 0.009134258521796912
35750 0.008188302159011422
35800 0.010067497505236316
35850 0.008833587756062286
35900 0.008221333308359625
35950 0.012636653296236144
36000 0.00852066194935753
36050 0.01410252165815313
36100 0.008485690129501088
36150 0.008599423744089885
36200 0.01193624880618583
36250 0.01412722393491476
36300 0.020839845755600724
36350 0.015315399767026717
36400 0.013995364912391712
36450 0.010171016207867168
36500 0.0075431380859645285
36550 0.01030580096819332
36600 0.010424458989062255
36650 0.011235716507668757
36700 0.01701577887745767
36750 0.012106822487239486
36800 0.008181783507708637
36850 0.008085907582238788
36900 0.010498036105622917
36950 0.011104920062920581
37000 0.011543586322816013
37050 0.00952989322190475
37100 0.009704325503040092
37150 0.008408705392254783
37200 0.010072143520234292
37250 0.0075663909899470775
37300 0.012347663932045646
37350 0.011596494551429339
37400 0.017903064929496434
37450 0.01997528936947861
37500 0.020402614663941526
37550 0.01615983024811683
37600 0.014892092498948394
37650 0.011271103650573162
37700 0.009642630769958398
37750 0.009532165472854192
37800 0.011331583866655871
37850 0.011608297283982199
37900 0.012045683665540088
37950 0.017090357020711888
38000 0.012489259791357163
38050 0.01591413699031681
38100 0.010134713378451645
38150 0.009774672209373076
38200 0.00831926267811079
38250 0.007492043998358881
38300 0.008711284827129023
38350 0.0080043952386707
38400 0.007438543950878493
38450 0.008541020485915488
38500 0.008007315995385636
38550 0.008183713219077855
38600 0.01091393385600548
38650 0.013181698186267491
38700 0.010224012160688002
38750 0.01072012376362075
38800 0.01880119174084799
38850 0.008793369183709593
38900 0.010603018201210361
38950 0.008111784229139505
39000 0.01033461940730556
39050 0.00917903857391486
39100 0.009410431595057382
39150 0.009491447123346007
39200 0.008877982819529682
39250 0.010519629098535318
39300 0.008340525911350984
39350 0.008873434601484468
39400 0.010735125312620284
39450 0.009551613131455852
39500 0.0077642183477465345
39550 0.01469834662555316
39600 0.009774194354591181
39650 0.011030931574607859
39700 0.0077688187851972425
39750 0.010433926980318971
39800 0.008756890758156603
39850 0.011816292744439778
39900 0.016305114546917236
39950 0.011977606234333827
40000 0.008198984379670394
40050 0.008005138560433996
40100 0.007507275286470827
40150 0.008311283952091174
40200 0.008449909596008462
40250 0.008124802563692515
40300 0.007531506663799829
40350 0.007563818892894643
40400 0.007525722244419176
40450 0.00888599465352374
40500 0.009651912244293735
40550 0.01062203069681336
40600 0.008930282061977931
40650 0.00746457106496781
40700 0.0071733322933006044
40750 0.007559456784218929
40800 0.007406799750215822
40850 0.007133797214452958
40900 0.00792697105783567
40950 0.010747900757864476
41000 0.009105301218305622
41050 0.007564309123847769
41100 0.0076508849345968515
41150 0.009131413143966595
41200 0.008206601706626562
41250 0.008372420431099783
41300 0.013334818742921507
41350 0.010844135555687438
41400 0.007396792992828097
41450 0.010132887077376189
41500 0.017598236763426027
41550 0.014786838491176832
41600 0.012335993462824286
41650 0.011709919539011947
41700 0.01387795671185461
41750 0.014901990584597931
41800 0.00982435144206359
41850 0.008284906467934153
41900 0.007627560139423748
41950 0.01084016638002682
42000 0.010494768812670344
42050 0.009330959822901089
42100 0.007969482354277208
42150 0.007941543157172897
42200 0.007555827847418351
42250 0.008440193743670665
42300 0.014281871694141359
42350 0.01273590383647264
42400 0.010697804196316841
42450 0.008722311929424388
42500 0.008141147282656079
42550 0.008136336980956928
42600 0.007841586294544262
42650 0.007855564258065226
42700 0.008545643474929195
42750 0.007161853009409293
42800 0.007437428268955496
42850 0.01002337208239928
42900 0.007450633089733208
42950 0.007600627273995465
43000 0.009748670753506123
43050 0.010301868897554968
43100 0.012270430014164379
43150 0.010103221836720673
43200 0.01458710712674852
43250 0.013288192777456175
43300 0.01825743631635462
43350 0.015480356257090435
43400 0.00986040197072885
43450 0.01333594044471915
43500 0.014588597476142398
43550 0.015493824007494432
43600 0.012950028530741058
43650 0.013944146763764867
43700 0.007669125665515358
43750 0.0072182272304184445
43800 0.009127319155041539
43850 0.00844843569522657
43900 0.00757055838868275
43950 0.008107308947235227
44000 0.007473653014300469
44050 0.00797580518346269
44100 0.009567693381894359
44150 0.012653997113455837
44200 0.010727456699896441
44250 0.008189801281307278
44300 0.007744195500203777
44350 0.008161486171492642
44400 0.008637004125911937
44450 0.007456186713055725
44500 0.007697943827513585
44550 0.008055993537821882
44600 0.007647862618009579
44650 0.007678109070778941
44700 0.008419693833014098
44750 0.007977601554505276
44800 0.007351592493492913
44850 0.008766999884086598
44900 0.008001902158558241
44950 0.009356544274484844
45000 0.013768482750159553
45050 0.011138635806210823
45100 0.012651726170203397
45150 0.010285406415788198
45200 0.008330761145621937
45250 0.007327605121798837
45300 0.008887058691488094
45350 0.008196616121775656
45400 0.00767259439624058
45450 0.008548675180424174
45500 0.007801893104974209
45550 0.007880160694437728
45600 0.007887270401768369
45650 0.00752688547940765
45700 0.008251291999461294
45750 0.00955062141337537
45800 0.007815770818434528
45850 0.007281310324663423
45900 0.007417907825839056
45950 0.007789137794812676
46000 0.0075124301254479615
46050 0.008275447650426971
46100 0.010051301740617738
46150 0.01007086983434431
46200 0.008659912640752936
46250 0.0074687808002547465
46300 0.007362862220566111
46350 0.007425813948877837
46400 0.007470757578400379
46450 0.007301613499691374
46500 0.007288410920286921
46550 0.007520057974846677
46600 0.007445423981264502
46650 0.0075745716876595886
46700 0.007349842637772878
46750 0.00737636674591495
46800 0.007892735360410791
46850 0.008084053326974006
46900 0.007834895866598348
46950 0.00768756278527976
47000 0.007967996377998802
47050 0.009653474922948855
47100 0.010757512422691032
47150 0.007390435932910605
47200 0.007685471724759797
47250 0.008078897978883278
47300 0.007386163250988992
47350 0.008757938608552484
47400 0.011379543091573954
47450 0.01196426568344126
47500 0.013015347288613506
47550 0.01294403079073568
47600 0.011828658247869061
47650 0.010572761725420052
47700 0.008712497446318664
47750 0.009020971937481468
47800 0.008460750554515475
47850 0.007669807233852627
47900 0.00747863676757762
47950 0.007536778268693454
48000 0.007400174830444044
48050 0.007299203840629392
48100 0.007610801424633781
48150 0.008223844236059132
48200 0.008407535118644267
48250 0.007614718175117317
48300 0.007574840789690011
48350 0.007857777791025145
48400 0.007813197161465644
48450 0.008068480807046398
48500 0.0077330593934448735
48550 0.008004807926461632
48600 0.00818889028450212
48650 0.0076400331085845295
48700 0.007635825906998468
48750 0.00760036179771979
48800 0.007827046947671739
48850 0.007541547570248447
48900 0.009007967922502746
48950 0.007607495153536254
49000 0.0077496822362362145
49050 0.0087580766991166
49100 0.007719968682140345
49150 0.007975105590860634
49200 0.007903616157492478
49250 0.007463045191880961
49300 0.007874490415607711
49350 0.008812060626053029
49400 0.007674288282433864
49450 0.0077455823653949105
49500 0.007677751463352684
49550 0.011111300776212439
49600 0.010810710095931632
49650 0.01084192589245626
49700 0.00956111230239882
49750 0.008753372364517863
49800 0.008027874568702402
49850 0.007959551311085982
49900 0.008453983908375918
49950 0.007630330836382729
50000 0.00805208613579801
