50 0.9991758105932255
100 0.995329782734724
150 0.9945712492267197
200 0.9941999330189121
250 0.9932294038346915
300 0.9916912970415628
350 0.9874839534328906
400 0.969554375781634
450 0.8870200593115116
500 0.6947890049940791
550 0.5141649975976706
600 0.35218121638758426
650 0.29220749345117847
700 0.21175803596479525
750 0.17006613995404285
800 0.15165580627422534
850 0.12432604624275279
900 0.11407531697946262
950 0.1444671082182086
1000 0.11330914333581081
1050 0.08896422208925059
1100 0.07898961695272975
1150 0.11023699830618425
1200 0.08974566186189821
1250 0.0746333203177303
1300 0.07186430709219314
1350 0.0718326593782548
1400 0.08106828994658784
1450 0.07488308741238352
1500 0.06152979193757992
1550 0.11806488725076876
1600 0.06345569705017969
1650 0.05596621799297467
1700 0.051303036639604206
1750 0.05599537519107062
1800 0.13171614220843642
1850 0.05705062123121339
1900 0.04337503943353791
1950 0.039838097516206476
2000 0.03860345428136886
2050 0.0401395811790364
2100 0.03522262114780354
2150 0.048158084595813104
2200 0.06117515692963083
2250 0.03389365333925789
2300 0.03395134383355817
2350 0.10332709568232772
2400 0.05173740809477834
2450 0.042253462539428834
2500 0.04093170300291789
2550 0.036891341722289014
2600 0.02947885392238687
2650 0.09688115090029227
2700 0.05284926745230175
2750 0.036779045422069716
2800 0.034370180644157027
2850 0.031187825050689167
2900 0.03050524626345227
2950 0.029461647491135886
3000 0.10568964886599572
3050 0.06308127225845282
3100 0.03272823988595917
3150 0.03196764731712168
3200 0.03944683826797583
3250 0.052656726210026226
3300 0.09489845957625254
3350 0.04787323790505765
3400 0.038098713972939055
3450 0.0325402707333308
3500 0.03021195037855697
3550 0.061069868189107916
3600 0.041398837942625145
3650 0.028353564278016156
3700 0.029703611283737726
3750 0.027240604418863505
3800 0.06991267221838116
3850 0.044849000870352373
3900 0.030212588392739104
3950 0.029557368097807044
4000 0.037110466775237
4050 0.05007181399067246
4100 0.028691991844501052
4150 0.08949771234776999
4200 0.05424639310991489
4250 0.028617928194543597
4300 0.03586210344451477
4350 0.026631839792019787
4400 0.03135595413622341
4450 0.04331204270800586
4500 0.033239492707567715
4550 0.02715606135942905
4600 0.06682157417134175
4650 0.05974272872559531
4700 0.03523442332790231
4750 0.029598888448770417
4800 0.054690212154384986
4850 0.04179991751674296
4900 0.02910056543873257
4950 0.024495584124929734
5000 0.05235486844257789
5050 0.05636547654559789
5100 0.04115753325862938
5150 0.027357161510862964
5200 0.02499866598384585
5250 0.027316022896318577
5300 0.029877408188917338
5350 0.025269308994735715
5400 0.026895648972622997
5450 0.027834806227585624
5500 0.028951091330849346
5550 0.048359451546512076
5600 0.03322418806542141
5650 0.025346202257734277
5700 0.024200324805829065
5750 0.025688193647789823
5800 0.024480635943159034
5850 0.02545811620895594
5900 0.02483187738100301
5950 0.025807153933464836
6000 0.025984551665952354
6050 0.02726139192943596
6100 0.023944563810508447
6150 0.02426880716700629
6200 0.028770602721477058
6250 0.027995686947693325
6300 0.024067499626522725
6350 0.02717468732037955
6400 0.02668731693462213
6450 0.03950776379541157
6500 0.030700091128093156
6550 0.030614916978323536
6600 0.05280367084421718
6650 0.0463387994686997
6700 0.02282518113087422
6750 0.02520817932436232
6800 0.02349851771392489
6850 0.03487158785224979
6900 0.03870395110534151
6950 0.0326075236482433
7000 0.023317259819432133
7050 0.023533794857541913
7100 0.03002332775508372
7150 0.026757242084517196
7200 0.02901539809229839
7250 0.029740048161840796
7300 0.030936692142326572
7350 0.027679114668108216
7400 0.027186462344583363
7450 0.02702580683217222
7500 0.02551552374200929
7550 0.02286932368386532
7600 0.023282083375197042
7650 0.0217764345041804
7700 0.021396356311995043
7750 0.0207401299029052
7800 0.02064422163462395
7850 0.030778128305974966
7900 0.02424955774263337
7950 0.041523035367055025
8000 0.0430017162027311
8050 0.031319404916003823
8100 0.02229153033359589
8150 0.021273700086686692
8200 0.02342390953693904
8250 0.020591578233083593
8300 0.025888964659417316
8350 0.02176601747999054
8400 0.021128560970313088
8450 0.023292956917744134
8500 0.02504605902922922
8550 0.02452189928963886
8600 0.026022622260569478
8650 0.025334410718839788
8700 0.022321142278963965
8750 0.03373301916604113
8800 0.019393620787984178
8850 0.023354540156847157
8900 0.028581824732811043
8950 0.022494469731681944
9000 0.02707412523509488
9050 0.022221865109683315
9100 0.020310581065509998
9150 0.03218457448181921
9200 0.0321686936065747
9250 0.02679143330852289
9300 0.024325163924109685
9350 0.023133436305896555
9400 0.021336616055347753
9450 0.025165651141032634
9500 0.01981430171861695
9550 0.01822299942582003
9600 0.01924516369113898
9650 0.020129157397989053
9700 0.03021276179828088
9750 0.033188680000197736
9800 0.023332700062511116
9850 0.021121682884901478
9900 0.019661647424665026
9950 0.03676132443807779
10000 0.02251863322100473
10050 0.02000875114663852
10100 0.018933294367803007
10150 0.01827144223306263
10200 0.019977430402484262
10250 0.020954121283406922
10300 0.019606583613283865
10350 0.023112135987792565
10400 0.022663922232411208
10450 0.01922559114335107
10500 0.024339468611575397
10550 0.020907667779779152
10600 0.020643110771157474
10650 0.024078223184263614
10700 0.02010769102199769
10750 0.018347456016553836
10800 0.02138583362467415
10850 0.023623773811111953
10900 0.01817521385853209
10950 0.01855053718125808
11000 0.02066293011956177
11050 0.020652100544386987
11100 0.021305639073466415
11150 0.01915050823480185
11200 0.023389633300002276
11250 0.020591370674947238
11300 0.018429498616806792
11350 0.020393124943713575
11400 0.02434296779675314
11450 0.023935164341752576
11500 0.0190977118874602
11550 0.01861198282596674
11600 0.02221518648729971
11650 0.028442077270536135
11700 0.019786965556691398
11750 0.02227711545853936
11800 0.020168151670083158
11850 0.02543423133757844
11900 0.019744802689343872
11950 0.019305819265013312
12000 0.019292668736636275
12050 0.02073754275407418
12100 0.021714619036690495
12150 0.021734825864468593
12200 0.018924860084863205
12250 0.019316127128410028
12300 0.020584049638232543
12350 0.01985816795729896
12400 0.022284241386561494
12450 0.020705725858007246
12500 0.024446788312286718
12550 0.021888848358253672
12600 0.01834353402565025
12650 0.018922864520294902
12700 0.01903192463426683
12750 0.019790533187390463
12800 0.0197892300109782
12850 0.018455372056354117
12900 0.018269149982366634
12950 0.017387671441301777
13000 0.018049859549297106
13050 0.023302005205368004
13100 0.018990372059062708
13150 0.01883702948665331
13200 0.021836266287495253
13250 0.018008694901547974
13300 0.01751199277432502
13350 0.030660558506327325
13400 0.019307512699804314
13450 0.01900996789832858
13500 0.03214976672216007
13550 0.0205365006833204
13600 0.026458165411565652
13650 0.018554670423791872
13700 0.019362320158367356
13750 0.017503615442410303
13800 0.019906011989660737
13850 0.022213235814748794
13900 0.019372672186919147
13950 0.027399194642436252
14000 0.024620431538183645
14050 0.022717346958948663
14100 0.025056224760210275
14150 0.019528380026154337
14200 0.028258833116665445
14250 0.017966999412194148
14300 0.03396724971907344
14350 0.02444295783865823
14400 0.017653703777456328
14450 0.019623844079831556
14500 0.018782587239411574
14550 0.01952292041075767
14600 0.01992465297540687
14650 0.021108763728029067
14700 0.018809992986557736
14750 0.01856570687009794
14800 0.018453253223856766
14850 0.01925943100756704
14900 0.018801906326628988
14950 0.018807000318094937
15000 0.03665676268044691
15050 0.019701457474057278
15100 0.01808894512132883
15150 0.017733375232295637
15200 0.015987895747491765
15250 0.01635843097245613
15300 0.016138867228633846
15350 0.015806420050075348
15400 0.018139095791556165
15450 0.016604815550381378
15500 0.016431314785923884
15550 0.016429154650720906
15600 0.016696049782844363
15650 0.01747591766560746
15700 0.016922878863667036
15750 0.016754709790968398
15800 0.017152734560573292
15850 0.019556911769027716
15900 0.026107380410847498
15950 0.020255633594929375
16000 0.01760565435679497
16050 0.021028970806629507
16100 0.016399442528845808
16150 0.018083746769721784
16200 0.0175393137668864
16250 0.0227025359515717
16300 0.019613690741394994
16350 0.018509639503274493
16400 0.01621827170135432
16450 0.026046082162982355
16500 0.01942200547266118
16550 0.017800859906645275
16600 0.021901546478952597
16650 0.018642443461455188
16700 0.02536603534013744
16750 0.0153760852136093
16800 0.016858047183610538
16850 0.016029568913308267
16900 0.016153660631927122
16950 0.01662676949706752
17000 0.01993132579970615
17050 0.016390969668259273
17100 0.021262420953757678
17150 0.019676343684881525
17200 0.03266645617712163
17250 0.028187527613695855
17300 0.029300728338227767
17350 0.028497044004966277
17400 0.017888310910012424
17450 0.017353508967752344
17500 0.02125975691705717
17550 0.02891676716860621
17600 0.019643696939590193
17650 0.01749769193225881
17700 0.014509244889397217
17750 0.014075033681354236
17800 0.02766600537387849
17850 0.014533767642907303
17900 0.025921482128114955
17950 0.015428761482071111
18000 0.014291744384090803
18050 0.018733186484455672
18100 0.018016831561907
18150 0.018796067048979133
18200 0.015493500070826918
18250 0.019220766939863014
18300 0.02914046891493476
18350 0.02107120739126095
18400 0.01390277830977244
18450 0.014332527238166191
18500 0.020606649635293618
18550 0.014854557406471926
18600 0.01820300498892127
18650 0.017134756485462692
18700 0.014292967600788705
18750 0.021274257019178473
18800 0.015918666338806703
18850 0.015793610816512933
18900 0.015230188780802354
18950 0.021973111623788275
19000 0.01379308459742381
19050 0.026461786692697487
19100 0.01357881666559941
19150 0.01789110335255573
19200 0.014093904045417542
19250 0.020250101846661473
19300 0.016676447308819974
19350 0.01586906795217435
19400 0.014984587281611807
19450 0.01420218468488878
19500 0.0163203751047185
19550 0.021703975546553102
19600 0.013697037535264142
19650 0.018953515237438205
19700 0.013887889675635817
19750 0.015459053552896038
19800 0.01446827771623087
19850 0.015253802719923715
19900 0.016087047227967426
19950 0.015488415541242067
20000 0.019087877910784857
20050 0.01838384495004079
20100 0.01499730664870602
20150 0.015483288844744874
20200 0.016143157821525658
20250 0.016727522687449998
20300 0.018387113849016607
20350 0.014067674003693043
20400 0.014519685171483733
20450 0.013680425192535952
20500 0.01363693059886762
20550 0.013809894315941441
20600 0.01597388046151804
20650 0.016458745974429048
20700 0.013894823121362138
20750 0.015173558525494464
20800 0.014328918019394888
20850 0.017629072133705743
20900 0.01747621954795068
20950 0.022540740501525852
21000 0.013762111181654196
21050 0.02287041707479712
21100 0.013344987932038487
21150 0.018067936194138642
21200 0.01605371869513256
21250 0.018838635624530402
21300 0.014327493776608354
21350 0.019588911135144167
21400 0.01646439848115005
21450 0.014287918998384478
21500 0.01414636756801578
21550 0.0256833793292716
21600 0.03258689831335517
21650 0.025724656649101202
21700 0.01447951415680652
21750 0.013940612076514317
21800 0.030342078195919206
21850 0.014460916199463797
21900 0.014392728051880802
21950 0.02209259846280395
22000 0.016343940406290246
22050 0.016021475154097048
22100 0.017580076271803042
22150 0.025176558365262308
22200 0.019089614266128794
22250 0.012608022311574029
22300 0.02047111944650575
22350 0.013111494351798272
22400 0.01758071167337257
22450 0.012345106979701159
22500 0.012536889291684821
22550 0.013985130964128187
22600 0.01403728477889795
22650 0.017401407450060934
22700 0.016470613273636994
22750 0.015767876974482828
22800 0.012231492820287775
22850 0.014625225864917312
22900 0.01509777751481059
22950 0.012296409672263956
23000 0.012109042571765026
23050 0.016890022451969702
23100 0.01341085420182549
23150 0.0138906925499122
23200 0.018104130100636457
23250 0.013717987249103392
23300 0.016158871015269416
23350 0.01587422112339015
23400 0.01809290205604586
23450 0.01995852738477015
23500 0.014825269148317837
23550 0.018625820857160164
23600 0.02460771994735744
23650 0.014915700755177695
23700 0.01368956207638493
23750 0.01329648078124504
23800 0.020491244216422802
23850 0.029466979175778302
23900 0.012035764675630225
23950 0.019022109359901042
24000 0.01419622521627166
24050 0.012242876382458875
24100 0.012015244909200768
24150 0.012797351263914453
24200 0.013750749526870477
24250 0.015094087115558397
24300 0.013589437393782676
24350 0.020488868055399075
24400 0.017338631840140246
24450 0.013184599086097405
24500 0.02034192799104131
24550 0.01265444291208982
24600 0.014280194173111679
24650 0.015615636905721545
24700 0.015736576707362823
24750 0.01620607936667007
24800 0.013478406561628431
24850 0.015041244122516544
24900 0.013391529345024453
24950 0.01213797088146755
25000 0.022004246883005063
25050 0.020309309889295853
25100 0.02183706455785681
25150 0.02399198123528974
25200 0.015211980004277379
25250 0.011928911255569212
25300 0.016912435833548515
25350 0.013383065908374153
25400 0.014965869456599657
25450 0.015419405046325725
25500 0.014694253223713906
25550 0.012313402953938528
25600 0.011835190907011737
25650 0.017094060245539916
25700 0.022559444654905243
25750 0.021322611038301832
25800 0.011660103158209095
25850 0.010969960671407951
25900 0.01202445351478678
25950 0.014479807276994638
26000 0.01265751433041227
26050 0.011840889505887254
26100 0.014441519809666023
26150 0.01320693582853415
26200 0.011259493455669844
26250 0.01285104618890759
26300 0.016782577419619506
26350 0.01123265710088239
26400 0.011689374800902794
26450 0.013370115150027485
26500 0.011229318147353822
26550 0.010919942998221112
26600 0.011349469780365702
26650 0.012056676649765348
26700 0.01347994491600372
26750 0.01334017717708252
26800 0.01287564986492974
26850 0.012518636707094738
26900 0.023559096267952957
26950 0.01944878650323061
27000 0.012485768452018809
27050 0.011452815188477542
27100 0.019115039114185675
27150 0.023658266307205723
27200 0.01182200927272979
27250 0.01279466668370358
27300 0.011432799820805441
27350 0.019299335475023383
27400 0.012765315183383304
27450 0.013945193198551878
27500 0.013408801488946413
27550 0.013267463133255462
27600 0.014465375709784923
27650 0.023926949673831386
27700 0.013284966288380246
27750 0.011587273801619629
27800 0.015823552566158538
27850 0.017602895157283704
27900 0.014898978555390841
27950 0.011314762494115064
28000 0.013545617009434458
28050 0.01972395281228404
28100 0.01623992905197391
28150 0.011382367011455402
28200 0.012489323335883078
28250 0.015182449192243049
28300 0.012891351865728496
28350 0.02769951154307991
28400 0.016046148348313537
28450 0.018065455547333138
28500 0.01170534709677197
28550 0.011588205279199867
28600 0.01489084433873368
28650 0.012324651163496242
28700 0.013916594484089863
28750 0.012457966762731532
28800 0.011761844373283816
28850 0.01166940607279346
28900 0.011716026343809405
28950 0.012781798357974742
29000 0.012443361834307422
29050 0.014380910423434727
29100 0.015567860154427777
29150 0.012120262689830814
29200 0.012067076823924827
29250 0.01644243984494779
29300 0.011841157566723843
29350 0.013827402487696656
29400 0.011410607529212163
29450 0.013982918416415241
29500 0.018605848885722014
29550 0.011238861233802376
29600 0.012640824756462244
29650 0.01155979511871011
29700 0.012201418769647027
29750 0.017318927924321985
29800 0.014062927982466887
29850 0.010938729964883903
29900 0.023462104449106035
29950 0.020952709689326336
30000 0.011855450102774261
30050 0.015882085963533202
30100 0.019815155710552795
30150 0.013510696214984665
30200 0.012627216244542952
30250 0.013337079101328225
30300 0.012241737614244852
30350 0.017374810309591215
30400 0.013958917662221657
30450 0.01905790772442948
30500 0.01276995449841492
30550 0.012142438603966701
30600 0.013880024903995997
30650 0.017654165889858332
30700 0.012756556523454162
30750 0.015613611469438356
30800 0.01895940189544571
30850 0.011473210814468818
30900 0.010832118780602506
30950 0.02002869318520459
31000 0.019497564635173832
31050 0.010867873583094273
31100 0.013383351312038808
31150 0.010544699067004325
31200 0.015121956530996529
31250 0.010757241706404191
31300 0.011443474625039697
31350 0.01486463644196045
31400 0.018630175954877693
31450 0.013167619525628883
31500 0.011093225392485513
31550 0.010359687530768312
31600 0.012770297972344429
31650 0.028653521637299836
31700 0.01221265893955284
31750 0.011220818908117769
31800 0.010745790487564414
31850 0.014477797094107745
31900 0.010970058622944184
31950 0.01142439507698758
32000 0.011605652432517951
32050 0.013310215920956797
32100 0.010976809728288496
32150 0.011323541254975904
32200 0.012719353007083434
32250 0.011147831899134394
32300 0.013003352740692272
32350 0.013297412165771494
32400 0.013996999171831143
32450 0.014043044593348682
32500 0.011000197692306498
32550 0.011339648996627524
32600 0.01092289532731861
32650 0.01596390437716984
32700 0.012197105608555463
32750 0.012522794686924273
32800 0.013786929958022998
32850 0.012362367174550548
32900 0.012854896913411316
32950 0.011213476317945755
33000 0.010418514134635614
33050 0.011189174585870135
33100 0.012041616398575478
33150 0.011565818004034232
33200 0.01788260119113815
33250 0.01893957509540803
33300 0.012209861169536092
33350 0.011430266994613202
33400 0.012321232766243867
33450 0.011574799130484325
33500 0.011012322753562797
33550 0.010981713413470245
33600 0.01723705089223199
33650 0.010546841700306774
33700 0.010466673391033982
33750 0.011571434659610828
33800 0.010718348425262354
33850 0.010967261092259312
33900 0.010602486740505753
33950 0.010731370146352648
34000 0.01099693195234125
34050 0.010791280079281351
34100 0.0157959405657966
34150 0.010800767137890525
34200 0.011692897617830272
34250 0.012666076538056976
34300 0.011104090134910576
34350 0.011699283512228273
34400 0.011286990549916043
34450 0.011023470977271289
34500 0.011069920510771927
34550 0.01113090992130058
34600 0.011916041998924123
34650 0.012859410310715797
34700 0.010931449712331377
34750 0.01241752112320354
34800 0.023024763296919347
34850 0.01453149157053419
34900 0.016428157736262012
34950 0.010161098652257285
35000 0.015719858429681932
35050 0.014225177562511418
35100 0.011519554187997919
35150 0.010940308010790831
35200 0.011206480931011556
35250 0.011179094160217676
35300 0.01283224154598003
35350 0.01427139961670295
35400 0.011932846837824926
35450 0.010057443684882058
35500 0.009941224663211606
35550 0.011900428047479513
35600 0.012781868894509588
35650 0.010706114116542532
35700 0.01071978351767934
35750 0.010448547793083874
35800 0.009929722453156025
35850 0.010594329701200226
35900 0.009994878939730637
35950 0.010325668801156818
36000 0.010566309838745553
36050 0.012128241600136506
36100 0.010409547912592925
36150 0.010972632463221487
36200 0.011312337818513561
36250 0.01099523632742355
36300 0.01075133497568564
36350 0.012111805479586197
36400 0.014271739657851923
36450 0.016287286136622316
36500 0.014865398286840543
36550 0.010383943091725278
36600 0.010306389787444433
36650 0.009991424273111395
36700 0.010094481837381741
36750 0.010457420730547819
36800 0.010582267904079344
36850 0.00992277857942924
36900 0.013007530599376881
36950 0.016996871715680213
37000 0.011656359168751766
37050 0.010013013558615214
37100 0.010117365069995632
37150 0.010291578309915648
37200 0.010030019872865574
37250 0.009883643436016663
37300 0.010004631825500473
37350 0.009995458833650186
37400 0.010000603190585253
37450 0.009982900512953348
37500 0.00963724072159454
37550 0.011470705342296076
37600 0.010328397585010722
37650 0.013014662144831326
37700 0.014783306624123577
37750 0.009676091384044133
37800 0.01133644777903429
37850 0.010665918760810963
37900 0.010739930719592493
37950 0.010087295122565725
38000 0.011084079573871364
38050 0.017788521585749884
38100 0.010560796494961647
38150 0.010511480638904894
38200 0.014130906985530683
38250 0.011985488287892173
38300 0.009934991379485959
38350 0.014321373892081223
38400 0.011055496768810668
38450 0.009761030121855661
38500 0.009943740498363935
38550 0.010013822278800943
38600 0.009703464356355614
38650 0.010166246185541246
38700 0.010925586520546685
38750 0.012341485193593923
38800 0.0100278603799965
38850 0.01031562264506069
38900 0.01332495234624307
38950 0.016672947575124834
39000 0.010283554148284782
39050 0.009856523577885877
39100 0.010182259229620086
39150 0.013270544726832617
39200 0.014443172496231128
39250 0.01026958409220034
39300 0.010704387686501022
39350 0.01157952703600017
39400 0.009822191542203937
39450 0.010004340125588639
39500 0.01263362213380851
39550 0.00979489318526146
39600 0.01096001391873405
39650 0.014355668620055046
39700 0.010196903098452663
39750 0.009967344015956723
39800 0.009418256024865795
39850 0.011339800525782975
39900 0.01031356158853823
39950 0.009912424729260167
40000 0.012986102552466065
40050 0.011720615696099177
40100 0.01100875503343016
40150 0.011730459837252384
40200 0.011710145565770626
40250 0.009717955074524647
40300 0.009795887343040132
40350 0.010233159916170525
40400 0.010148625709650971
40450 0.009946491558344836
40500 0.010926799229700196
40550 0.011679687939050954
40600 0.010618297590287137
40650 0.010767796180984744
40700 0.009865785431642717
40750 0.010516378218604516
40800 0.010296369962875007
40850 0.009528636165162578
40900 0.010308369286632998
40950 0.010788501763736011
41000 0.009910091197672923
41050 0.010560930066934926
41100 0.010341239721368585
41150 0.01047877300474117
41200 0.010201791347883044
41250 0.01065425869944425
41300 0.012175768128947566
41350 0.015067266132018501
41400 0.014713650601573742
41450 0.013818613158183855
41500 0.014256292944748056
41550 0.014519187587955248
41600 0.015250966950892522
41650 0.015684897260681393
41700 0.017996887765523276
41750 0.013514646118553762
41800 0.01152042162229275
41850 0.010987669262145288
41900 0.01589453788585996
41950 0.017408490629263564
42000 0.014508796137662207
42050 0.011821931579730629
42100 0.01585720683385974
42150 0.012656650153270598
42200 0.014305273258688484
42250 0.009455933011129812
42300 0.009581453820040053
42350 0.009692638049806083
42400 0.009705498309889074
42450 0.009661435190447282
42500 0.010199235154442463
42550 0.010101065550378582
42600 0.010163578457589738
42650 0.013236203175496024
42700 0.010641834666230733
42750 0.01243609229684029
42800 0.013207672780796691
42850 0.014267794822032802
42900 0.01024154102973998
42950 0.010183864830081244
43000 0.009975406354108828
43050 0.009614913632673885
43100 0.01101486444713564
43150 0.011468437775355441
43200 0.012323535843991257
43250 0.013747126670610343
43300 0.01097567710540254
43350 0.009542671127377717
43400 0.009591472053063616
43450 0.009438690109631415
43500 0.011707453363566666
43550 0.011951126774695304
43600 0.010120314272310627
43650 0.01196575630288002
43700 0.01224686855786272
43750 0.01217289091630644
43800 0.01161669068906064
43850 0.01391854263654002
43900 0.012381832230957955
43950 0.0106361385566982
44000 0.009505305072379622
44050 0.009595128818817234
44100 0.0094913595510065
44150 0.009290720758064959
44200 0.010499141226088632
44250 0.01009719973238561
44300 0.010836834725474536
44350 0.010239301450640068
44400 0.009391331358020024
44450 0.009947118725411258
44500 0.00954769497706395
44550 0.009077212579074227
44600 0.009601633287130578
44650 0.009180138505023548
44700 0.009670886501969829
44750 0.009094638092589554
44800 0.009914733598606793
44850 0.01121999603606784
44900 0.013170749732014682
44950 0.011556462804617418
45000 0.01034075696919837
45050 0.010447690385996746
45100 0.009466634543246123
45150 0.010650230360777108
45200 0.00971985167237086
45250 0.009729662871239565
45300 0.009427179242074457
45350 0.0097298661939036
45400 0.010505885155527502
45450 0.010247672705373422
45500 0.01082796081362023
45550 0.012311929637553436
45600 0.011289101565577216
45650 0.010493732972721794
45700 0.012712986701011484
45750 0.013079096227442728
45800 0.012755136576019096
45850 0.010983387937737111
45900 0.01119490817779638
45950 0.011426483029006708
46000 0.011120034082013447
46050 0.012146810239582664
46100 0.012296814339592418
46150 0.0112859768307986
46200 0.0113406412105676
46250 0.011387559162107052
46300 0.011259412067555657
46350 0.009722422786353612
46400 0.01017231784497682
46450 0.010687819305865374
46500 0.010107742576977297
46550 0.011023684917434438
46600 0.01074521168091881
46650 0.010459582552771558
46700 0.010221678308192424
46750 0.009757251338444297
46800 0.009049988565121946
46850 0.009765203523313707
46900 0.009328740511990273
46950 0.009634228981932152
47000 0.00966124459328906
47050 0.00963961452452541
47100 0.009111591327192591
47150 0.009364228606447537
47200 0.009895705509029809
47250 0.009813875381912402
47300 0.009510523108795554
47350 0.009608360523667868
47400 0.009410608386233237
47450 0.00931651192413963
47500 0.009258984286868924
47550 0.010285192541761327
47600 0.009720155720182587
47650 0.009543824679189353
47700 0.009284763038027475
47750 0.009917166736279326
47800 0.009741281130430648
47850 0.009254999541839051
47900 0.009546673490303534
47950 0.009221628137619479
48000 0.009119462998515706
48050 0.009273672910585548
48100 0.009534173441417841
48150 0.009332140728403483
48200 0.00944291304451318
48250 0.009317884682240683
48300 0.009551035166757446
48350 0.009155653766284107
48400 0.009422537538460415
48450 0.009346751170132827
48500 0.009344149732029253
48550 0.009796058385201102
48600 0.009120937730126413
48650 0.00989979931073862
48700 0.010747896905348423
48750 0.010845359393152487
48800 0.011232776428542243
48850 0.009280880941380791
48900 0.009540101702486505
48950 0.009604421211033196
49000 0.009599598097420533
49050 0.009965922019987035
49100 0.009718991695550646
49150 0.009146382829513801
49200 0.00931861127052186
49250 0.00946486108583539
49300 0.009740103723340362
49350 0.009843883075514294
49400 0.009595230839034864
49450 0.01018654908136742
49500 0.011204220045511887
49550 0.01080554058540644
49600 0.0102843940025248
49650 0.010551121662567711
49700 0.010958103274046529
49750 0.010572331966607782
49800 0.010227952757855879
49850 0.009587934299382223
49900 0.00923494139457325
49950 0.010320112062751663
50000 0.010176735476576644
