50 1.0006478607373295
100 1.0057020376104995
150 1.0027588916448054
200 1.001962902338343
250 1.001300172271775
300 1.000603942428747
350 0.9999885070632726
400 0.9993121496090185
450 0.9986855860330307
500 0.9980316131585636
550 0.9972509248273927
600 0.9964448496702039
650 0.9957341358421281
700 0.9948187933611023
750 0.9938439397097835
800 0.9926140680064368
850 0.9910429350965279
900 0.9889311819698794
950 0.9860934362730438
1000 0.982221243712513
1050 0.9771318185758204
1100 0.9697129279175829
1150 0.9590769764502384
1200 0.9448912365681976
1250 0.9266031117753964
1300 0.9056423656547498
1350 0.8764964289665599
1400 0.8215989226802233
1450 0.7042641072966854
1500 0.596589122127968
1550 0.4752901508013097
1600 0.4086949269181722
1650 0.3053200145882218
1700 0.24193521151225766
1750 0.2209534385596265
1800 0.2172350476694013
1850 0.18110904624234583
1900 0.13124961131040364
1950 0.1808519442973123
2000 0.13973386286094014
2050 0.11058091420531736
2100 0.1379323505681484
2150 0.12385616231496291
2200 0.09917877925933279
2250 0.10230776772301738
2300 0.15128992702039779
2350 0.10665744468676382
2400 0.09154741214010235
2450 0.07752030512062276
2500 0.09840621217775959
2550 0.08742282514124096
2600 0.07411669161638965
2650 0.0938315700016248
2700 0.08795343978083418
2750 0.07662850113972905
2800 0.043536239023839345
2850 0.12127716358006724
2900 0.0769583354173563
2950 0.06182441243870826
3000 0.05720873267307346
3050 0.14304190435717581
3100 0.12158796105866926
3150 0.08220674183126266
3200 0.05705700325150099
3250 0.05301731582881008
3300 0.056348783263288856
3350 0.05300862139159038
3400 0.048558136151826296
3450 0.10278095457567603
3500 0.06966107213907975
3550 0.06353074275770615
3600 0.048562604753169904
3650 0.06150785344819434
3700 0.05188839706506528
3750 0.13692473802816826
3800 0.07914568712528826
3850 0.04697835093908191
3900 0.04317854254041309
3950 0.041281168809852484
4000 0.040007063476479095
4050 0.04492583951886291
4100 0.03950995311248889
4150 0.17041248038899484
4200 0.06864716833042454
4250 0.04185781489806491
4300 0.04403679341068024
4350 0.03770220046378514
4400 0.03877316559771253
4450 0.04239187656724983
4500 0.04084119210340575
4550 0.04129026523505342
4600 0.037206891990165296
4650 0.05842453285885038
4700 0.03508989680967833
4750 0.03184540429927532
4800 0.0806895346290107
4850 0.04132662433978857
4900 0.03130371210014806
4950 0.03581234389124474
5000 0.03524505868364978
5050 0.029431078673284827
5100 0.03177131818266938
5150 0.029200585871031925
5200 0.0297829412442323
5250 0.03027833002440486
5300 0.027545781984970874
5350 0.027286427823901553
5400 0.027465146117385198
5450 0.029981468174168444
5500 0.027307426741210315
5550 0.025113326164955957
5600 0.026270780999320464
5650 0.03209933056935681
5700 0.024377033238183833
5750 0.027942691441795574
5800 0.025663173369274508
5850 0.03196135783437803
5900 0.025111155476016715
5950 0.024941673304081327
6000 0.023940319414629735
6050 0.022479553350397415
6100 0.028752469825683646
6150 0.03798590576160221
6200 0.03362824587996641
6250 0.02516309209379869
6300 0.033151112943062486
6350 0.025962408118209185
6400 0.02258204107324808
6450 0.03185214237425985
6500 0.03291491536525849
6550 0.02431733387609061
6600 0.03551721512274989
6650 0.03206673638777955
6700 0.022526327854227618
6750 0.02790894904853586
6800 0.021473409150603882
6850 0.021782918856524638
6900 0.02206327239653142
6950 0.022731891372635243
7000 0.029614599412948677
7050 0.046141498007148
7100 0.025428623762247644
7150 0.021736640930620662
7200 0.020968881628549187
7250 0.039954337985774906
7300 0.02096495958299853
7350 0.03474701131723997
7400 0.02354298503591819
7450 0.032609558852411166
7500 0.02593151299199841
7550 0.04191975169570712
7600 0.02168081905488415
7650 0.020942087656121416
7700 0.06394706504121192
7750 0.05080656175146635
7800 0.023264269389540734
7850 0.026547400016530567
7900 0.026337200023764724
7950 0.022575408171417788
8000 0.0344712424911515
8050 0.021349994712205726
8100 0.020412176406167635
8150 0.03159916893160583
8200 0.021286949285259496
8250 0.02015928429605939
8300 0.021159912331424148
8350 0.08142003525452701
8400 0.03923107545253117
8450 0.021483297174253322
8500 0.02749809167190364
8550 0.02964992991875061
8600 0.021444124591239944
8650 0.020509817486976802
8700 0.024319792985111856
8750 0.021534756443178656
8800 0.025247696195823285
8850 0.028153006326373766
8900 0.03588314023258835
8950 0.0201377785192278
9000 0.020451012499491328
9050 0.0249520304626755
9100 0.022347349051464606
9150 0.022810206953243185
9200 0.021521550356910737
9250 0.024015662166502173
9300 0.020548572132740743
9350 0.021554265044493065
9400 0.05636092885136339
9450 0.026384172530545005
9500 0.022826215011961665
9550 0.02320440530759301
9600 0.019351495844327694
9650 0.02461830605747179
9700 0.043297914231244544
9750 0.03161532664582625
9800 0.02116035855453625
9850 0.022461612675438208
9900 0.030246560320778552
9950 0.025900550228140605
10000 0.01950368311688169
10050 0.021713101019317643
10100 0.02060730682870138
10150 0.02066193733084645
10200 0.019135258378184295
10250 0.021304973170417504
10300 0.021855227365179752
10350 0.019346577442709276
10400 0.018466157726051174
10450 0.018729702736896937
10500 0.02045252554681482
10550 0.02036875130382813
10600 0.020655411455218514
10650 0.018345892304200147
10700 0.020714097300384017
10750 0.019008115410440795
10800 0.022019598070530003
10850 0.01874392842954016
10900 0.022256446351322123
10950 0.02647780441242368
11000 0.026088357303122655
11050 0.018282057221090137
11100 0.023881975073588253
11150 0.017671504794785697
11200 0.02101865991647732
11250 0.02033047710048504
11300 0.018451809524936275
11350 0.022921767088397844
11400 0.018260278859874184
11450 0.02186806292263021
11500 0.0186961651578251
11550 0.020595221217939642
11600 0.021343746522356193
11650 0.0184840231234455
11700 0.01838887610454877
11750 0.021007647208938704
11800 0.038856014157855064
11850 0.020862728030530738
11900 0.019122308970684874
11950 0.018079639479922183
12000 0.01881215563000997
12050 0.02639193120017638
12100 0.016734640286836206
12150 0.024685624251619243
12200 0.01947282353804201
12250 0.01789796489065879
12300 0.01675582783220776
12350 0.018220803691623506
12400 0.020728239183456655
12450 0.01737459503748042
12500 0.01700394131636631
12550 0.018832400963405306
12600 0.028575162079038867
12650 0.02645961336036195
12700 0.01727238732145341
12750 0.02652053186418392
12800 0.027291774096892183
12850 0.024963144993546467
12900 0.02837486779823112
12950 0.01896046770548997
13000 0.02298152062547701
13050 0.02544946058604207
13100 0.021263689023680615
13150 0.016505243518342226
13200 0.018494829723023087
13250 0.01679218333406901
13300 0.0172581693944764
13350 0.016635925642020537
13400 0.016613373031418566
13450 0.02923655279882879
13500 0.016055507055125505
13550 0.01926027958792855
13600 0.018021614472603226
13650 0.025690071424608975
13700 0.02236371695862532
13750 0.017092782237814696
13800 0.018028699923962856
13850 0.02919651247393561
13900 0.016434451319622685
13950 0.02406688061870089
14000 0.02012529750067651
14050 0.018747965181201948
14100 0.018015851368090457
14150 0.01551506541126323
14200 0.021773722481081576
14250 0.028653536073925127
14300 0.016217524129978077
14350 0.018272593345499973
14400 0.020922797899642288
14450 0.016125820645349172
14500 0.01800446978944031
14550 0.015591461624323037
14600 0.01920873948813793
14650 0.015123561609116577
14700 0.023247408819991915
14750 0.016223120088436797
14800 0.015413714974626947
14850 0.015364757802298075
14900 0.016652509896529798
14950 0.020890257393102234
15000 0.01838242971056694
15050 0.016563121582777784
15100 0.016617496551710784
15150 0.015644736039744866
15200 0.015286125332931591
15250 0.014606587705719083
15300 0.01631009434672911
15350 0.014427102977546525
15400 0.014525605037937542
15450 0.017183452301815075
15500 0.014746949955735736
15550 0.016135359933265026
15600 0.018440597512859765
15650 0.015279676837574235
15700 0.014231194043638084
15750 0.016921991926935446
15800 0.0214349188904863
15850 0.014959509586206914
15900 0.02785698095205735
15950 0.015183635293923213
16000 0.01433495042678743
16050 0.022039201466062294
16100 0.014479194378706085
16150 0.014368536224545236
16200 0.022118770306514508
16250 0.014527514459710648
16300 0.021693564461313153
16350 0.01582744792717759
16400 0.015519464523622488
16450 0.015505129771928335
16500 0.013952208625808975
16550 0.01557434973226227
16600 0.01481274352959262
16650 0.01757385621041453
16700 0.014328578516739483
16750 0.014060519398801286
16800 0.014071568985474682
16850 0.015616927041554526
16900 0.025068922785580143
16950 0.016338260861996388
17000 0.015265959544907618
17050 0.01676081974226667
17100 0.021088517983443675
17150 0.023610327419410087
17200 0.02584234423293461
17250 0.014627902029062381
17300 0.018988199165314627
17350 0.01826653004235211
17400 0.014033133886411793
17450 0.015812593184672357
17500 0.013179998592126043
17550 0.016225948314442823
17600 0.016566131896775693
17650 0.015192094320562196
17700 0.013704396389590066
17750 0.014269160033279852
17800 0.01639061536965001
17850 0.013573748386866466
17900 0.013369281709961697
17950 0.020090642473998034
18000 0.01980685714143385
18050 0.013504670877637187
18100 0.020646188334810387
18150 0.03181542541541165
18200 0.013395004161399346
18250 0.024911047391164242
18300 0.03245378058259351
18350 0.012848565264411357
18400 0.022458257396757546
18450 0.013781973031108105
18500 0.014798882529297081
18550 0.013551117883409772
18600 0.015039943262528662
18650 0.01399432430183102
18700 0.0182099079238866
18750 0.016059935404052303
18800 0.014027357397942482
18850 0.02476467317665822
18900 0.01408264246005392
18950 0.02857688875642245
19000 0.021761210299191137
19050 0.02342899279722789
19100 0.01412604981175344
19150 0.01704959670540004
19200 0.01778614994599781
19250 0.01405955619603569
19300 0.02067089890489999
19350 0.012742368516529247
19400 0.016859815664220217
19450 0.012336670312303486
19500 0.020983833301697237
19550 0.013606831135626123
19600 0.02419423794482197
19650 0.012930862328335908
19700 0.023478712650993345
19750 0.013093755299768887
19800 0.018282998627928617
19850 0.011462978774332555
19900 0.012096265698019706
19950 0.0206743705876018
20000 0.02258824410158052
20050 0.015598352151422882
20100 0.016306585949529405
20150 0.018473765543171525
20200 0.019806843316207218
20250 0.013026882874903407
20300 0.014532241607810229
20350 0.011066575939682277
20400 0.011851625718075243
20450 0.01226020489520342
20500 0.012124517887051595
20550 0.012040024680950142
20600 0.015806009861259178
20650 0.015368619302491542
20700 0.013564769720292736
20750 0.01592494428769657
20800 0.011784964875855758
20850 0.012356211853834988
20900 0.011295055584280454
20950 0.023335187401070587
21000 0.024665574599165543
21050 0.02476012884773862
21100 0.019699190060566196
21150 0.011894565696451061
21200 0.012035255382033134
21250 0.011567465012883985
21300 0.0180341277503537
21350 0.016952153715504244
21400 0.01701577364958729
21450 0.011571745139716068
21500 0.018017600853407797
21550 0.019549368583357485
21600 0.029519462563195112
21650 0.01655172821811524
21700 0.02351253027296025
21750 0.013603408371467098
21800 0.018973089972712624
21850 0.012746906599061582
21900 0.017329423583627043
21950 0.012381497493242709
22000 0.01714563479062501
22050 0.012752533257452531
22100 0.011380526042409586
22150 0.012291058025819092
22200 0.011629308257496383
22250 0.017567901061106832
22300 0.01370596269736226
22350 0.01790492683729636
22400 0.01766573342243218
22450 0.018503939856490462
22500 0.012109908142245494
22550 0.012361742287907878
22600 0.017281535175827797
22650 0.017543971668535167
22700 0.01311425914644696
22750 0.013971956975757545
22800 0.014694599703269891
22850 0.013439276311091071
22900 0.012321113316321124
22950 0.011604189735452521
23000 0.011833150354815398
23050 0.017460040881212818
23100 0.024375634119158936
23150 0.01249064544355538
23200 0.02007679429673011
23250 0.01850532469265791
23300 0.024157251800555928
23350 0.01125294326792947
23400 0.011232211999229294
23450 0.010229327844628325
23500 0.015999765660125745
23550 0.026537926478173674
23600 0.010951062045470713
23650 0.01078909530605789
23700 0.014543545507250026
23750 0.02266798591287688
23800 0.018996523245475325
23850 0.01646711617417131
23900 0.011814295216206904
23950 0.016471278749665374
24000 0.011119325660739247
24050 0.010596260226682128
24100 0.011319073780000896
24150 0.01142520475814244
24200 0.01665108981073694
24250 0.01264797760696087
24300 0.011347161528133108
24350 0.01210243006304078
24400 0.013258277806996671
24450 0.014349991359006026
24500 0.010805269712963379
24550 0.010861329128996445
24600 0.014164895374921648
24650 0.012169439005591136
24700 0.016697886121270177
24750 0.014059783309469432
24800 0.020584585313801505
24850 0.01033881581318821
24900 0.010870605305398224
24950 0.011111038825185543
25000 0.011131773285150538
25050 0.011189287498045255
25100 0.010801322772209876
25150 0.010905899836155657
25200 0.011138597138010844
25250 0.011610821072880126
25300 0.011555759280387852
25350 0.02322430457024468
25400 0.016164040169082277
25450 0.00988907560114955
25500 0.01375480482021534
25550 0.009933147042624726
25600 0.015114931517172988
25650 0.014092245191352288
25700 0.010010754942113408
25750 0.009621769981423235
25800 0.009958258695627591
25850 0.009834907529245138
25900 0.011751067809509925
25950 0.011724257980354164
26000 0.013406374778858442
26050 0.011977481980232973
26100 0.016815161599950515
26150 0.01137932322273974
26200 0.011330987227928583
26250 0.01170122768281299
26300 0.010252169752078167
26350 0.02502387006532481
26400 0.018040004933638117
26450 0.011940766436212205
26500 0.011817967535278178
26550 0.011524412881293843
26600 0.01700980566611995
26650 0.015052240744542266
26700 0.016056995822040274
26750 0.015380920060350045
26800 0.010885149586311448
26850 0.012884063161826359
26900 0.021644888958098074
26950 0.009946355090361259
27000 0.009930915713809139
27050 0.013739581517184704
27100 0.02524405918373017
27150 0.011729070792071847
27200 0.010143892367241631
27250 0.011493490873815826
27300 0.016786797640664593
27350 0.012218859143481853
27400 0.01072209902083451
27450 0.010896797398964923
27500 0.015545115956328574
27550 0.014586623811150744
27600 0.013766071770663088
27650 0.013128932583028772
27700 0.021241703748618026
27750 0.01559909358074842
27800 0.013898323530051212
27850 0.010066290614390992
27900 0.010935066210909642
27950 0.013236130215346741
28000 0.010982390653090528
28050 0.010849973761814184
28100 0.013190084006760364
28150 0.01849330478440114
28200 0.010394553561983853
28250 0.01169473495791816
28300 0.01148678604282279
28350 0.010600791297663085
28400 0.012515719905539568
28450 0.011131444953688886
28500 0.009474211207824362
28550 0.012781865841874279
28600 0.016202550292728022
28650 0.012011698302229036
28700 0.012737242144517612
28750 0.01064187246327167
28800 0.01082391786194819
28850 0.012684512813548932
28900 0.009486278797637112
28950 0.011794729687723531
29000 0.012137005600091292
29050 0.010797668679151348
29100 0.014079861754313425
29150 0.01444080366514701
29200 0.011032779189351492
29250 0.017985779462209892
29300 0.017971432181838203
29350 0.009436770436355409
29400 0.010550173158058595
29450 0.010129935660104611
29500 0.011073786530937966
29550 0.010076381754907944
29600 0.013846531586386462
29650 0.014617855495117611
29700 0.013498917773145429
29750 0.011904656452798213
29800 0.016237249536600547
29850 0.012666110871603695
29900 0.010250343594270538
29950 0.008219373533892106
30000 0.010789115638725432
30050 0.008911893846383485
30100 0.009738992381204526
30150 0.012672989530467136
30200 0.009889998353361918
30250 0.011170612458948754
30300 0.017637399040603977
30350 0.009605089012460892
30400 0.009140845424449297
30450 0.009236124266392547
30500 0.009592302989363163
30550 0.00909534403873948
30600 0.01618565295723622
30650 0.009677523200829043
30700 0.009185536579000866
30750 0.011430621290046772
30800 0.020141765231770713
30850 0.008480899816553108
30900 0.011068567431576267
30950 0.009532761687000008
31000 0.009323430424757544
31050 0.008984126340109594
31100 0.010948864466477888
31150 0.019729225420186416
31200 0.019496283573317515
31250 0.01395117088838486
31300 0.015377104130546552
31350 0.014884486906525416
31400 0.013943201492142152
31450 0.010812323253594458
31500 0.011242536553333725
31550 0.016017017181798793
31600 0.013636149028355492
31650 0.00954055142071155
31700 0.012919951971082755
31750 0.017851168823211652
31800 0.01032206582121316
31850 0.01260890781850887
31900 0.017358604195989204
31950 0.0126294489491472
32000 0.014094612590216694
32050 0.009627512545871164
32100 0.010297266230623048
32150 0.008341018817223
32200 0.015778850228422486
32250 0.012672131946924823
32300 0.009254630750889241
32350 0.008452311742501602
32400 0.008088310214267033
32450 0.014970600728554303
32500 0.016932872958905085
32550 0.009025817444322983
32600 0.009044218453376782
32650 0.00899211822724003
32700 0.013492554014556736
32750 0.011344285260762078
32800 0.008499541281838064
32850 0.008854756179168675
32900 0.008940750045137549
32950 0.009412420568778068
33000 0.010402652078783967
33050 0.008912136770394522
33100 0.012972875117666717
33150 0.008503363719928934
33200 0.00963087984121554
33250 0.01857639488294865
33300 0.02479086477920502
33350 0.019752683583591436
33400 0.009810566655646683
33450 0.012293486867180601
33500 0.01302176270279575
33550 0.011131129978395047
33600 0.009106469149546832
33650 0.008529975967105613
33700 0.008338456504602304
33750 0.00907499660287062
33800 0.01135423497150102
33850 0.008604685118638726
33900 0.008890833025792237
33950 0.016960396035869955
34000 0.017984442037686756
34050 0.012270657386772243
34100 0.02622838398911939
34150 0.016110857112304557
34200 0.0151343628302586
34250 0.011046508769806505
34300 0.008675253607044693
34350 0.01219595026867995
34400 0.01574965921277971
34450 0.01017033644247002
34500 0.008037576114904023
34550 0.010395170990500266
34600 0.00784848347698367
34650 0.009262122567717326
34700 0.009439643841849312
34750 0.008434110909215455
34800 0.010817417530902025
34850 0.01030485822295903
34900 0.009721810054286309
34950 0.016522105864929297
35000 0.02747528350390958
35050 0.02053250129575859
35100 0.011225897818277424
35150 0.009515063889256055
35200 0.009568773819614879
35250 0.009735125297679535
35300 0.00868795084705152
35350 0.009800901099991781
35400 0.008201934524568261
35450 0.009249381832388055
35500 0.008541239257562101
35550 0.010272633185281734
35600 0.010523459603210873
35650 0.016739365975683596
35700 0.010421644415807396
35750 0.009109951114620051
35800 0.010355166723277173
35850 0.01062345095199685
35900 0.00858183724328225
35950 0.0108046165762888
36000 0.012647320133881998
36050 0.012673528010735076
36100 0.009118639867200306
36150 0.010066723699386455
36200 0.010760826131413262
36250 0.009119016658524121
36300 0.009573095758063175
36350 0.00840736482944274
36400 0.009219963747143007
36450 0.007853376045173487
36500 0.008149579255190777
36550 0.010633563847366457
36600 0.008538967850026651
36650 0.01446504606478584
36700 0.015712559978785783
36750 0.011485775308631414
36800 0.009479801936719264
36850 0.012026805177407137
36900 0.012854479714491536
36950 0.008594024713213676
37000 0.00940010704128806
37050 0.009308032257961923
37100 0.01258249201341041
37150 0.010737745534217849
37200 0.010006889243937772
37250 0.010867460091960728
37300 0.008897631874370435
37350 0.00777542183147615
37400 0.008604367844187378
37450 0.012738288810969096
37500 0.009866622358853548
37550 0.009087398642285329
37600 0.007412861139028125
37650 0.013527715042712479
37700 0.008205910210736434
37750 0.007983688643433812
37800 0.009443721249492493
37850 0.011386035447934161
37900 0.009701916732235721
37950 0.008444320037741905
38000 0.011172284852825655
38050 0.018490709592875246
38100 0.012781804161363545
38150 0.008004888201001401
38200 0.008504968428200302
38250 0.009348576805432864
38300 0.008255968592258823
38350 0.008931678501641614
38400 0.008482205515821585
38450 0.007843539289024929
38500 0.007624969117199562
38550 0.007696354764103085
38600 0.008105365920449142
38650 0.008008318014615353
38700 0.009680588060560128
38750 0.007822466230383155
38800 0.007744353877497418
38850 0.008101776419794204
38900 0.007283097122497913
38950 0.009328090155944355
39000 0.011034902987867079
39050 0.00828188681610354
39100 0.008469513381353468
39150 0.007235513977816324
39200 0.007640366496276054
39250 0.007656410662226905
39300 0.007801448040398804
39350 0.008664741390710124
39400 0.00903659904757138
39450 0.011881204532845186
39500 0.008441901006849844
39550 0.008313483497225776
39600 0.012845135929801384
39650 0.011885386559319864
39700 0.008552638942280864
39750 0.007325370034066393
39800 0.00792899815766113
39850 0.007855731689725818
39900 0.007231909921607266
39950 0.010925779200750272
40000 0.009832105774661322
40050 0.008887014535890846
40100 0.0096622761156175
40150 0.007990763575394303
40200 0.007263961372128929
40250 0.00855879134001155
40300 0.00890129081304353
40350 0.010465277943690867
40400 0.008715713764826084
40450 0.007462152597338275
40500 0.008129438419581305
40550 0.009974948895817912
40600 0.008772963721148063
40650 0.009317039471390818
40700 0.0103524595486751
40750 0.007871214874154434
40800 0.008028469716625785
40850 0.008391534872149343
40900 0.0079229831859866
40950 0.007159956946931012
41000 0.0076920755768198805
41050 0.007292290241591831
41100 0.007182314811024236
41150 0.00868275068594615
41200 0.0103539080367889
41250 0.009319439998265124
41300 0.00821834004232366
41350 0.007520035168356567
41400 0.007637759683950808
41450 0.00793034258865688
41500 0.007684294042294201
41550 0.008091231266501183
41600 0.00800534235871178
41650 0.008021459196460334
41700 0.00785300540006367
41750 0.008009234384518062
41800 0.007859102810094604
41850 0.008488865350977386
41900 0.0087445677485307
41950 0.007245837637508399
42000 0.00762939315632995
42050 0.007827952353780018
42100 0.010222601012340122
42150 0.012140645101126672
42200 0.007870919024307846
42250 0.012032900713891605
42300 0.008192999196772785
42350 0.00860657653369502
42400 0.007532419834745371
42450 0.010021594218792129
42500 0.008922072928166781
42550 0.008605532147792408
42600 0.01367898691860474
42650 0.014361323468060239
42700 0.009654240722931792
42750 0.010988220088372282
42800 0.010164908746161787
42850 0.007704611154525541
42900 0.008268647582440813
42950 0.0075450702901228
43000 0.007893601762640394
43050 0.007514175754969992
43100 0.007919614559806009
43150 0.009133351482133114
43200 0.007579923198126984
43250 0.007823150256313931
43300 0.007404477375312569
43350 0.010767685344733971
43400 0.010844055496332052
43450 0.008240646907453386
43500 0.008248515208966783
43550 0.009179086258190266
43600 0.008147485564278505
43650 0.008149401202711848
43700 0.00800335320580517
43750 0.008911495160801966
43800 0.007861073668818663
43850 0.008170897929968847
43900 0.013315769182675229
43950 0.016631731470465757
44000 0.013523186042421505
44050 0.0164974205508407
44100 0.015803375016674004
44150 0.01680743893985236
44200 0.010791990896844742
44250 0.011947383368125135
44300 0.01383020265797658
44350 0.014290806696732791
44400 0.007536002521214943
44450 0.007507431592805122
44500 0.007833020007132731
44550 0.007913121481441684
44600 0.0076511919762636575
44650 0.007446846307448554
44700 0.009888563883546168
44750 0.008406637735997187
44800 0.008146454016543445
44850 0.008785802695228004
44900 0.007431205696646768
44950 0.007797756063543615
45000 0.009358251423156638
45050 0.008772989659443831
45100 0.009494363982585604
45150 0.008238819025891698
45200 0.010276148625128576
45250 0.010071921239421334
45300 0.009724088314351405
45350 0.007769914899314079
45400 0.007504877128976012
45450 0.0074379252471649384
45500 0.007212452225182126
45550 0.007416251118374917
45600 0.007463658636770097
45650 0.007702609102922228
45700 0.007827821722003227
45750 0.007445499976401056
45800 0.008126334196706128
45850 0.008558823541467756
45900 0.0094530158834347
45950 0.009233614569840487
46000 0.008266124922607495
46050 0.00764535449874624
46100 0.007418343452064284
46150 0.00786651268586208
46200 0.007294448854492271
46250 0.007491355709671037
46300 0.008075580886447943
46350 0.007748193901459036
46400 0.007755029352126
46450 0.007645091543520544
46500 0.007916555839833195
46550 0.008239190454353222
46600 0.008876097126029107
46650 0.00966084884639092
46700 0.008533818399052612
46750 0.007821897055850966
46800 0.007890963092191876
46850 0.007518897134530181
46900 0.007628598293689733
46950 0.008308375000703198
47000 0.008701607492982792
47050 0.00774603704553662
47100 0.007758835564413258
47150 0.007413989711651835
47200 0.008001893286484808
47250 0.007822925761989775
47300 0.00764223632162578
47350 0.007995532327318923
47400 0.007713832513318892
47450 0.0074014154439394795
47500 0.007657698021869106
47550 0.007517634466601054
47600 0.007555067226487458
47650 0.008205712234911716
47700 0.008415764519348634
47750 0.008044839309021373
47800 0.0074459678110087935
47850 0.00873218066634809
47900 0.008731901927194283
47950 0.00787348271007106
48000 0.0076841040417928086
48050 0.007427480462399936
48100 0.0077185449621680205
48150 0.007508027053649007
48200 0.00765084529319322
48250 0.007600945227523324
48300 0.007362017029874152
48350 0.0077559138350768355
48400 0.0074824959812962695
48450 0.008068972453084867
48500 0.006981670501379314
48550 0.00802356869363488
48600 0.007347498559881297
48650 0.007201247151436002
48700 0.008873233294296996
48750 0.007865962429201151
48800 0.009266621983348418
48850 0.008841020405689003
48900 0.008764814522533968
48950 0.009218000235082468
49000 0.007253034948967162
49050 0.00748906947298593
49100 0.007591514840443475
49150 0.00790433035009811
49200 0.007066749178699692
49250 0.007283796388706109
49300 0.006972737977650622
49350 0.007512336537822578
49400 0.00773384295381244
49450 0.008594300305299849
49500 0.007302534949587041
49550 0.006978965433840768
49600 0.007724916428266663
49650 0.007460929274543929
49700 0.007275276244882757
49750 0.007863483440063749
49800 0.0072036691058901675
49850 0.007550321213660038
49900 0.007319117312180804
49950 0.007367394039767749
50000 0.007402359833610838
