50 1.008273372859612
100 0.9994727546046155
150 0.9989633522214021
200 0.9980653042220553
250 0.9971473863506107
300 0.9961196145423709
350 0.995164837311222
400 0.9936446332834395
450 0.991848980053224
500 0.9891979482427667
550 0.9848446374226567
600 0.9771381613208161
650 0.9606764656371384
700 0.9209104921178178
750 0.8111942555442161
800 0.6582852155449834
850 0.5377688204936233
900 0.4622750139217024
950 0.3392955721583337
1000 0.3470549175551232
1050 0.3391835154005663
1100 0.2185899459640156
1150 0.152828290158375
1200 0.18160566527936045
1250 0.15959062932158508
1300 0.11790756219467134
1350 0.12471796272078738
1400 0.09979658250964661
1450 0.15326800631858256
1500 0.1152718836494085
1550 0.09936068405235617
1600 0.09360074683611154
1650 0.1125954062520908
1700 0.11983511498832203
1750 0.09689399161542313
1800 0.07004789836284
1850 0.0934715912682438
1900 0.08384769502326822
1950 0.11434376411834918
2000 0.10578274055424802
2050 0.0666514147088151
2100 0.11902946545383028
2150 0.0816587634355783
2200 0.05883796667701143
2250 0.09677974296297352
2300 0.06779602360261579
2350 0.06943468912537877
2400 0.08107839193028564
2450 0.14010459248671667
2500 0.07805811863787347
2550 0.06145046665294212
2600 0.0585802896677807
2650 0.053372320146254745
2700 0.06524480763973647
2750 0.06973284451584445
2800 0.0571623210483148
2850 0.10520821711482851
2900 0.10715776547933374
2950 0.05989603196207674
3000 0.05420974001909177
3050 0.05006641674855047
3100 0.16802434090130883
3150 0.06554404520514
3200 0.048088299344803
3250 0.045225735986535294
3300 0.045690019737848635
3350 0.04473370495566203
3400 0.11385368585883641
3450 0.046721320205338875
3500 0.04056192881739262
3550 0.04329585117158467
3600 0.05233969090282582
3650 0.03936647962287336
3700 0.23475836519768847
3750 0.07117392405743667
3800 0.04429662278733797
3850 0.04060107108695078
3900 0.03973735499314027
3950 0.04526930275363506
4000 0.0588271730352725
4050 0.045903726178624864
4100 0.03943184654983589
4150 0.16069501986723664
4200 0.06999694367092274
4250 0.039532121798786735
4300 0.04231822980831384
4350 0.03768921682559904
4400 0.055776389148752055
4450 0.038276657114735574
4500 0.05718254811620457
4550 0.05363401078452456
4600 0.0896252724112798
4650 0.1405706671643843
4700 0.05957410733289422
4750 0.03542732843462426
4800 0.04004218583248266
4850 0.03528255754851119
4900 0.08440349322230173
4950 0.05905012262099918
5000 0.03986807758049309
5050 0.034013505075103784
5100 0.03563422431683812
5150 0.03407618754407996
5200 0.03333804541969885
5250 0.032533603328527415
5300 0.031786743085663226
5350 0.03242100267852108
5400 0.030197806849919635
5450 0.03161735311090665
5500 0.03129765055649824
5550 0.030913046779496908
5600 0.03355452695863021
5650 0.0351265502396247
5700 0.03174901954265294
5750 0.03709067573727212
5800 0.029123420952532862
5850 0.03243482101975867
5900 0.029594997593326136
5950 0.038562811427937715
6000 0.029700355833892925
6050 0.03696188924459473
6100 0.027329809332444756
6150 0.028704622630145685
6200 0.02821270912267113
6250 0.03262902327062432
6300 0.06112625418094273
6350 0.02900986639189415
6400 0.02914627382869131
6450 0.026499451592941467
6500 0.07607914527791895
6550 0.03567744372896587
6600 0.028390177497706656
6650 0.02784168354174796
6700 0.03143484645259494
6750 0.02731441690989298
6800 0.040088798382724264
6850 0.03127494982839575
6900 0.02761465758835578
6950 0.027635293390253123
7000 0.0321926498190383
7050 0.02727591076130122
7100 0.027928086671618068
7150 0.056044783488487446
7200 0.029385280395457354
7250 0.0274676450631572
7300 0.0281593331662655
7350 0.025809176586293194
7400 0.02528562002619297
7450 0.02662261483217507
7500 0.03729504123896801
7550 0.028434174841823995
7600 0.02613832180008225
7650 0.023726824572847124
7700 0.02353637669081204
7750 0.031809544097364854
7800 0.028710367815213425
7850 0.026885060670750107
7900 0.05178018686436436
7950 0.02596376974560683
8000 0.02607737746273048
8050 0.027037844601632097
8100 0.02435839732823
8150 0.028251977323216076
8200 0.034459977120460734
8250 0.0262282325312807
8300 0.02582892836508232
8350 0.03855886398172828
8400 0.02293570339610603
8450 0.022277474903120778
8500 0.02915996659645133
8550 0.024080632852472302
8600 0.027161743602695083
8650 0.0381634137318368
8700 0.023008309942736598
8750 0.03531976648906136
8800 0.05259550370124421
8850 0.029797395568406368
8900 0.026105341356286855
8950 0.029044128900172782
9000 0.023576509099019982
9050 0.04014780821719695
9100 0.03277709661980189
9150 0.02084610579812919
9200 0.023057912561134843
9250 0.021679532592217457
9300 0.02157591033195675
9350 0.02353833702024356
9400 0.025506296382757004
9450 0.031509727286114474
9500 0.024055216404137075
9550 0.021334678050878533
9600 0.024573659891736734
9650 0.028919215457640347
9700 0.03994306482419202
9750 0.04567811831427704
9800 0.023449141514287463
9850 0.023934497480902775
9900 0.01986165537535384
9950 0.023296761515904603
10000 0.024172905337663166
10050 0.02108342955876517
10100 0.020806982391856944
10150 0.020303787011129296
10200 0.021972845541385986
10250 0.022024681024436013
10300 0.02010051429310777
10350 0.020101149395906546
10400 0.019295111906111117
10450 0.02062031569877809
10500 0.02466062672502482
10550 0.018689921094933944
10600 0.01898540021699053
10650 0.023106306145724897
10700 0.023350069441230137
10750 0.02801521343421857
10800 0.027618572589304745
10850 0.01981594454532304
10900 0.019102086046003972
10950 0.018471704434423423
11000 0.028120323068433244
11050 0.02615247910207247
11100 0.019524047493493596
11150 0.020909269195745584
11200 0.018263315547861425
11250 0.02238689290086818
11300 0.01935069974716347
11350 0.021596421538029334
11400 0.028388025491613643
11450 0.02430938200775183
11500 0.01914648114005135
11550 0.017162470559835937
11600 0.02282277360155192
11650 0.02181963599865859
11700 0.02388453755257463
11750 0.030041914477231965
11800 0.020317584162376383
11850 0.018228112495357635
11900 0.02759259958910964
11950 0.01797448273219709
12000 0.017265610148879368
12050 0.017705777932966797
12100 0.017237480461615086
12150 0.022210800746696655
12200 0.030425995432361047
12250 0.02499102531568061
12300 0.018587777003943297
12350 0.017879253070600634
12400 0.020560642911129034
12450 0.023831016671840326
12500 0.016886247796889874
12550 0.017470768488543485
12600 0.022759593481523507
12650 0.01921505064368743
12700 0.01848615035641023
12750 0.022066977024170525
12800 0.02283952659288112
12850 0.030007089049729232
12900 0.024279613021868585
12950 0.016840721915299454
13000 0.016659421091258505
13050 0.01632936623829901
13100 0.016079936221767753
13150 0.0316189250418524
13200 0.022413285673166132
13250 0.01819291298368058
13300 0.018657058133963483
13350 0.017063857183880815
13400 0.01689467092154202
13450 0.017755380698555423
13500 0.018529060183641505
13550 0.017706369687369685
13600 0.02147985241056316
13650 0.044818757974613974
13700 0.01659085069791227
13750 0.019444290469213275
13800 0.017056549093130785
13850 0.021678476991507798
13900 0.01593699240830549
13950 0.02324418496357092
14000 0.018162035717101302
14050 0.017441085066202275
14100 0.021821603303823822
14150 0.026659190041468793
14200 0.016584674576690654
14250 0.019854657202606766
14300 0.01605601612342207
14350 0.015405309579222325
14400 0.020691303771569344
14450 0.01804298439100809
14500 0.02600729503829949
14550 0.024007043058637552
14600 0.015599691248257247
14650 0.017332768229215822
14700 0.016098389495406613
14750 0.014771651388531338
14800 0.026490375582921888
14850 0.015813396676828458
14900 0.015177060949843026
14950 0.027044139991808155
15000 0.01621510971687285
15050 0.01578266007744075
15100 0.015614799988017462
15150 0.017668042019396424
15200 0.014639753315261758
15250 0.016155852988269184
15300 0.017028633259906154
15350 0.015702763531830435
15400 0.016034441823318504
15450 0.014450254731672678
15500 0.018866464251050874
15550 0.01504830288795164
15600 0.01888679471354237
15650 0.015309649374617117
15700 0.01950629099957287
15750 0.015948766564584296
15800 0.014466165051256072
15850 0.015827021745869883
15900 0.014691691330493483
15950 0.017315195759719265
16000 0.014418684204341859
16050 0.014840228810311846
16100 0.014233202457937723
16150 0.014392041531916134
16200 0.019654899873532833
16250 0.01860282910309522
16300 0.017133833772513145
16350 0.016294889306653168
16400 0.01450637859941664
16450 0.016164264102862598
16500 0.01394863994069251
16550 0.01583339650938234
16600 0.013281462150707617
16650 0.015482418479517035
16700 0.01584352921884615
16750 0.013809282227754984
16800 0.01339517042669223
16850 0.014270941354304637
16900 0.018636112244742015
16950 0.024891226618532453
17000 0.01556328114901432
17050 0.016690638632562982
17100 0.014378024693464055
17150 0.01371632119188472
17200 0.016438191399091556
17250 0.013614250155824027
17300 0.014371573803926879
17350 0.01910886996943775
17400 0.017561627532779678
17450 0.019018773251723742
17500 0.013380577825620398
17550 0.013294310031556372
17600 0.01907655345333841
17650 0.01776572016055578
17700 0.0232138797723599
17750 0.01563916034113917
17800 0.011860859788104534
17850 0.014733384111036267
17900 0.027741201888503757
17950 0.02296289244327288
18000 0.012714713222959705
18050 0.016290228231336322
18100 0.012420473645622696
18150 0.018805952298838233
18200 0.013581544348816393
18250 0.027371083437332678
18300 0.023375122961743294
18350 0.020063077480240006
18400 0.027865281299652676
18450 0.020935248412945983
18500 0.01568554580362078
18550 0.013579610666783936
18600 0.01672736154897216
18650 0.01797208367599815
18700 0.014038788490027833
18750 0.01510913039344356
18800 0.01694406331003583
18850 0.011535577217811586
18900 0.01727660354301303
18950 0.014668987576570201
19000 0.0126733142561806
19050 0.01268040685318362
19100 0.014152515739697755
19150 0.014211980587603111
19200 0.013590424759731398
19250 0.014635512098830253
19300 0.029383380973541692
19350 0.015612112799315238
19400 0.018547029175021355
19450 0.01908795284553088
19500 0.015388281914257491
19550 0.012349870224199104
19600 0.014120723419615419
19650 0.012218336642603293
19700 0.018385944358124674
19750 0.01726818481157641
19800 0.018939485361142483
19850 0.02862365411354586
19900 0.01405465007401298
19950 0.018654642595537067
20000 0.012445357943935444
20050 0.012681405621981274
20100 0.0135728025637193
20150 0.015329336115329766
20200 0.011466505012631007
20250 0.016297633497042347
20300 0.014492791850520876
20350 0.020802428134458276
20400 0.015243075777505723
20450 0.012829849711031028
20500 0.011903424600460214
20550 0.02036989235736898
20600 0.015903396524370783
20650 0.018928238228672564
20700 0.02234736450723413
20750 0.019611935840934847
20800 0.013882821577413383
20850 0.019482639245761435
20900 0.023725417635165027
20950 0.015589414954738699
21000 0.014296473283246852
21050 0.01186243563510593
21100 0.012730907072045427
21150 0.011883436094912436
21200 0.018256003954845175
21250 0.011810331880780983
21300 0.010726550023888351
21350 0.014713986226815036
21400 0.012912533874955187
21450 0.017188929017566783
21500 0.018503797601785277
21550 0.014356565135154278
21600 0.012490815932190896
21650 0.011896316619636619
21700 0.011502087296691638
21750 0.02120575921834332
21800 0.026223778865248452
21850 0.017598344143487606
21900 0.01477148711598193
21950 0.027983179297374667
22000 0.018271809171142597
22050 0.012051226973419312
22100 0.013626769305924779
22150 0.022299546615558802
22200 0.017941113024611998
22250 0.015200474536607651
22300 0.02814612393766438
22350 0.011609562679622841
22400 0.0157513889853828
22450 0.012468817616524462
22500 0.01583599899801534
22550 0.02213630417170633
22600 0.014303179934869802
22650 0.01315567155815742
22700 0.018406462568981992
22750 0.019995999646753904
22800 0.012948401621285396
22850 0.013327490632370601
22900 0.012946056861998284
22950 0.01202897893872943
23000 0.03347571892518655
23050 0.013226750291178395
23100 0.01148948837972865
23150 0.012993502387662163
23200 0.016005513534249817
23250 0.012502158485206983
23300 0.01071102032672318
23350 0.02434597774374081
23400 0.011635207927605216
23450 0.011545881280335677
23500 0.018339769105295552
23550 0.012134552834770803
23600 0.015902582710126956
23650 0.015498606082352779
23700 0.01059206714109321
23750 0.01910506675954506
23800 0.015634434994787314
23850 0.014096311730403214
23900 0.022659763035476774
23950 0.012155308065598565
24000 0.011062972512105761
24050 0.013384094805594113
24100 0.016464758382872268
24150 0.012588749941986038
24200 0.012151418952963731
24250 0.014522486740891379
24300 0.012448136423772222
24350 0.019593522729400684
24400 0.023115639324699913
24450 0.029875476998761776
24500 0.010581304191646506
24550 0.011660523873417936
24600 0.01763190640659729
24650 0.01089865230309895
24700 0.02639597812740419
24750 0.013058336595671788
24800 0.01058200055048583
24850 0.024036237124037085
24900 0.013399940406750126
24950 0.01755885663077219
25000 0.02534541637532566
25050 0.01248932213239337
25100 0.01033151975613226
25150 0.01134756934956675
25200 0.010083553198078403
25250 0.010152014902576615
25300 0.0133895303055264
25350 0.02115043020794765
25400 0.01173636646230207
25450 0.00980447256801533
25500 0.009568728384508418
25550 0.009902104228202523
25600 0.009948769194168202
25650 0.012051901217463004
25700 0.011749430508322299
25750 0.011257340843957244
25800 0.00886682134309105
25850 0.00891152739165608
25900 0.008903733290109609
25950 0.01050002337824243
26000 0.020499005646596576
26050 0.01010654703904198
26100 0.009427341914476065
26150 0.012209791134360928
26200 0.01269337741958277
26250 0.010344539730508712
26300 0.010447019047567322
26350 0.01726569694011
26400 0.009335121683656633
26450 0.014150056924868721
26500 0.012197294672858747
26550 0.011884775257204607
26600 0.01015406309992573
26650 0.02083005821194186
26700 0.02208772978310927
26750 0.011658453076700348
26800 0.029832757616533482
26850 0.009213825119341228
26900 0.012862305912934706
26950 0.010559740390636825
27000 0.012822128823524636
27050 0.010328625539899633
27100 0.010437207514378453
27150 0.010061824141513326
27200 0.009590153659532074
27250 0.00908661980373474
27300 0.00869967058798761
27350 0.014835742255152898
27400 0.02667798367973109
27450 0.022510679560641834
27500 0.008990174841129054
27550 0.020531169338794057
27600 0.008544248850131045
27650 0.00948984906843467
27700 0.01066386689421047
27750 0.008751230243165748
27800 0.009202362208362506
27850 0.010835598537232937
27900 0.012955708627112074
27950 0.008956936835652594
28000 0.012082070288037542
28050 0.008620357261364592
28100 0.009492254297495359
28150 0.012319297844232862
28200 0.02733182496548972
28250 0.02403139721204461
28300 0.017373922269049564
28350 0.02044275745517871
28400 0.014390073870992573
28450 0.018725334101763302
28500 0.018260925290122198
28550 0.020591871907391986
28600 0.009908657043018512
28650 0.009861335102446533
28700 0.009617301598673614
28750 0.011635379053882273
28800 0.011874243780813679
28850 0.012520041779436622
28900 0.025535139421404427
28950 0.019751976942584237
29000 0.008826319245209852
29050 0.0126481951382438
29100 0.015059950842103617
29150 0.016355816833716938
29200 0.019491235343664617
29250 0.009719313208199494
29300 0.011416451951762621
29350 0.015880675286159697
29400 0.017076095244354123
29450 0.02022379060925795
29500 0.010791475039527947
29550 0.011311293883625397
29600 0.025053381691444828
29650 0.011331986662779273
29700 0.009233089634078161
29750 0.010653690739469212
29800 0.02012213628929566
29850 0.010033859123588703
29900 0.024160859704860423
29950 0.008397983742974359
30000 0.00847391358644506
30050 0.008806321472931113
30100 0.00831979340824091
30150 0.008226942272269805
30200 0.008058194519332722
30250 0.0163653489210843
30300 0.008782326893449124
30350 0.009614710594828664
30400 0.009006714570848246
30450 0.0077383888085341005
30500 0.012537754157146593
30550 0.00837457559514858
30600 0.0099073080156631
30650 0.008205060939969073
30700 0.013091298923241158
30750 0.014852695346403823
30800 0.01554699770395723
30850 0.00877870988124073
30900 0.009292032277984742
30950 0.008276033962699622
31000 0.010452457612649162
31050 0.014115343684282421
31100 0.00906090992160798
31150 0.008008605133901133
31200 0.014686637589437276
31250 0.01235168968098772
31300 0.010033097880679612
31350 0.011893034600689766
31400 0.007790714528440997
31450 0.007710949935500622
31500 0.014310257769499811
31550 0.007881535405755606
31600 0.00831041730604559
31650 0.00905977866223916
31700 0.009320628477959874
31750 0.008552258835412887
31800 0.010382040788858644
31850 0.00903585353118936
31900 0.007837486408965626
31950 0.0078205291150751
32000 0.010511995556933771
32050 0.009581982566150985
32100 0.008740590725763045
32150 0.011236528876310846
32200 0.018107570609324622
32250 0.014976748598619388
32300 0.018447618074338888
32350 0.007569959180019766
32400 0.00936999249559949
32450 0.016798116550406413
32500 0.011225321457616856
32550 0.007860628125187839
32600 0.007596329613139029
32650 0.00835114183678623
32700 0.023047190236420725
32750 0.018398852593970696
32800 0.009543522175680491
32850 0.027972779468051275
32900 0.026920547504973892
32950 0.010816937760118276
33000 0.009481904558283388
33050 0.007358577927170674
33100 0.008284599927304185
33150 0.008620509338184127
33200 0.007159184622892289
33250 0.007683795104808798
33300 0.018495096132041373
33350 0.01121191420132847
33400 0.01259079696584942
33450 0.008418674297012705
33500 0.018039239854484055
33550 0.028487731482812088
33600 0.013755448764496669
33650 0.020746127130849314
33700 0.015580928414642566
33750 0.015223047760478874
33800 0.011724608243130062
33850 0.013023084180139559
33900 0.010551986094905602
33950 0.01885067860589584
34000 0.009869899534578253
34050 0.0074751788685805875
34100 0.007797892912412985
34150 0.013862296382986963
34200 0.007959191000879681
34250 0.007395636847884353
34300 0.008260367292614042
34350 0.009306189883595106
34400 0.0077710587623365315
34450 0.007301490159803765
34500 0.007255994297289574
34550 0.01002613401119402
34600 0.01025685091835274
34650 0.010710820705045528
34700 0.011757477603747535
34750 0.010892203265081921
34800 0.018569713369067316
34850 0.008733906859553072
34900 0.010537362678623648
34950 0.020077514858846696
35000 0.011302541386117405
35050 0.00856280821415368
35100 0.009502840167011264
35150 0.009843031400439663
35200 0.013334629354736357
35250 0.008711990311607892
35300 0.008360046367083552
35350 0.007969825914594
35400 0.012584709432199245
35450 0.008761483918797282
35500 0.00779967709460903
35550 0.008355168501330822
35600 0.008084564416558119
35650 0.008467713347748804
35700 0.011206944906745378
35750 0.009398874968383599
35800 0.010878931694534502
35850 0.014915163448969027
35900 0.01312310618712855
35950 0.008108788903324157
36000 0.013188006003052005
36050 0.009358813488449169
36100 0.008955946205437071
36150 0.006958729502321731
36200 0.0077186474433885615
36250 0.013648913566066278
36300 0.008789649948152236
36350 0.007413844275756243
36400 0.009308123203646905
36450 0.007592352324524248
36500 0.00688109336356663
36550 0.006762614679645937
36600 0.01800721965463316
36650 0.018338833195026428
36700 0.012753811046038134
36750 0.010097663223713957
36800 0.01735669660099747
36850 0.027258120682932502
36900 0.035293215375088054
36950 0.021416422940550538
37000 0.015588131156710613
37050 0.01227477370757812
37100 0.007380698321862869
37150 0.017155721715637538
37200 0.014421436531430475
37250 0.015361236030819791
37300 0.016926564234291678
37350 0.012161185269059202
37400 0.020547581816557615
37450 0.015195493193685506
37500 0.012868443708986916
37550 0.008752182237194529
37600 0.010478756813098976
37650 0.00689036821259108
37700 0.011990341579011134
37750 0.017649519681698866
37800 0.013196336985412014
37850 0.010728346285207807
37900 0.008971172514630976
37950 0.00791343453869942
38000 0.01171055587668848
38050 0.007450495132245108
38100 0.010475525693803663
38150 0.008840972158452963
38200 0.019893214832822182
38250 0.02044402995574106
38300 0.009748336635874315
38350 0.00695398569270875
38400 0.013588406979484022
38450 0.0116973384921795
38500 0.008426147854600455
38550 0.010190880836320316
38600 0.008616706174985446
38650 0.007575692828146923
38700 0.009198030083093839
38750 0.010928393988882977
38800 0.007972526910589799
38850 0.009964791248377574
38900 0.007770753855504765
38950 0.01003651108737773
39000 0.010096772690871586
39050 0.010122723744008664
39100 0.014545989442809427
39150 0.012736423652156853
39200 0.007201455126614634
39250 0.010781784245649507
39300 0.015973408467896487
39350 0.007098111271600273
39400 0.008184710020157466
39450 0.01017402669240615
39500 0.013668506883303448
39550 0.01118538092293164
39600 0.008455130440226152
39650 0.016937320123741207
39700 0.016217436924102487
39750 0.008046464678549033
39800 0.006672145015104044
39850 0.015245954305849563
39900 0.022197392184462237
39950 0.019542795479489526
40000 0.013886602336995898
40050 0.008689277579990046
40100 0.006261633841815932
40150 0.006654610792572547
40200 0.007258057897516816
40250 0.008357247115612578
40300 0.007163616317262692
40350 0.00671822656017755
40400 0.00755180249940211
40450 0.009863102256907879
40500 0.009764796497256202
40550 0.009595812861060647
40600 0.012542871676838284
40650 0.010974813191702624
40700 0.006484382048825702
40750 0.01357864034771308
40800 0.01196929331617531
40850 0.014195969244561981
40900 0.011151941929163085
40950 0.010164986407584852
41000 0.008348556269257443
41050 0.008782948901085743
41100 0.00820455777444106
41150 0.008289432866681866
41200 0.007323699917996594
41250 0.008262404910897345
41300 0.008074425658925976
41350 0.007559176236379115
41400 0.009665524941665303
41450 0.010428626278662445
41500 0.007539120566883975
41550 0.008842129110007237
41600 0.009665245298138324
41650 0.008889635595741492
41700 0.008310221955877845
41750 0.007817476792317974
41800 0.007910108438965082
41850 0.00669029470717609
41900 0.0063149839732475795
41950 0.006539818792572403
42000 0.006389554447457417
42050 0.006164403344023515
42100 0.0074924750520194055
42150 0.006623207497619651
42200 0.007852199018069382
42250 0.007436420908855482
42300 0.008236362623537637
42350 0.009885574713559513
42400 0.01215010729920947
42450 0.0089196471207818
42500 0.007771216265596354
42550 0.008677295755679878
42600 0.007204021499027188
42650 0.008838423638826974
42700 0.007675454976714588
42750 0.007117421601504369
42800 0.008329467576158656
42850 0.007515853890997303
42900 0.007951751248852963
42950 0.01145871509157158
43000 0.007068273637495451
43050 0.006881130565916569
43100 0.0064058233919317515
43150 0.009031422639260036
43200 0.006706271782026836
43250 0.006995753827128255
43300 0.006903581290695618
43350 0.007115214819344435
43400 0.008719085129799319
43450 0.007492699242579752
43500 0.009533869962189063
43550 0.009043091938838514
43600 0.008922518146800062
43650 0.010782461334665702
43700 0.014173438480292021
43750 0.010782085840177986
43800 0.007909293268964775
43850 0.0061548798531522245
43900 0.008795035454998245
43950 0.010457661677639387
44000 0.009068741290394571
44050 0.00781398445499935
44100 0.0072173467978218124
44150 0.00682219404312619
44200 0.0065009156867609505
44250 0.00628173319660292
44300 0.0065960692892161
44350 0.007108270037828349
44400 0.006469375317507721
44450 0.007898363429865437
44500 0.010898424371199958
44550 0.007013377244208474
44600 0.006369005305424845
44650 0.008642978039419392
44700 0.008076546711348298
44750 0.008807523835462513
44800 0.008317924796296663
44850 0.00806229652877936
44900 0.007752779586912652
44950 0.006821370899453169
45000 0.006949972484416352
45050 0.0062860049108129645
45100 0.006796362891342912
45150 0.00654699692052257
45200 0.006871637044193041
45250 0.007333397320471433
45300 0.00652178857123803
45350 0.007472496805465827
45400 0.006220699316641675
45450 0.007479830726378952
45500 0.011494493480367057
45550 0.010986087359167363
45600 0.009892869154056572
45650 0.006756076067057188
45700 0.007620544671919778
45750 0.006993265459157882
45800 0.0061000249276589496
45850 0.0062758980173957535
45900 0.007824274704215374
45950 0.007464956096252178
46000 0.006413051663162393
46050 0.0060041058966916255
46100 0.006579822694377585
46150 0.006528612865940078
46200 0.007095630424271729
46250 0.008200410899225196
46300 0.008504413908086166
46350 0.006916339178520903
46400 0.006117804543824366
46450 0.006815573774594243
46500 0.009537071635897247
46550 0.007330382319595448
46600 0.007381646582329822
46650 0.007419778081622533
46700 0.0076021845315068755
46750 0.008794118864562344
46800 0.008324100316431885
46850 0.008947972177745307
46900 0.010298560776859426
46950 0.011734671447445732
47000 0.009929123576156046
47050 0.009260032771009837
47100 0.008076955437073197
47150 0.006779912093771499
47200 0.006866538896699969
47250 0.006202820141596096
47300 0.007288056764077411
47350 0.0078100629116333
47400 0.010622787779302218
47450 0.011198895929595417
47500 0.011277190452462515
47550 0.007005636546252294
47600 0.0066611044264185655
47650 0.0068034069225173625
47700 0.007793576656090037
47750 0.008157969256811457
47800 0.007137954750835662
47850 0.006712651881627958
47900 0.007332080483697364
47950 0.00766005131385465
48000 0.007093792430873512
48050 0.008443721455130894
48100 0.00612660245043283
48150 0.005855156639224407
48200 0.0060130269726757545
48250 0.006715397045975528
48300 0.008310408036294842
48350 0.007772171223130783
48400 0.005728388362669702
48450 0.005875632326328479
48500 0.0062949813794330655
48550 0.006050683974175072
48600 0.006713406863666071
48650 0.007592998848224391
48700 0.009015100968534785
48750 0.010745759147563157
48800 0.01049790862147845
48850 0.011255142149341977
48900 0.00885803717827692
48950 0.008255190527973792
49000 0.007101762339622058
49050 0.006957791471837666
49100 0.006038974045851353
49150 0.00601135146869438
49200 0.0066002083829987375
49250 0.006559748168221015
49300 0.006358315902706964
49350 0.0065264259516140755
49400 0.006484234564508597
49450 0.005627800819400338
49500 0.005960649344722803
49550 0.0063195401090577604
49600 0.006115893006489431
49650 0.005832001699958924
49700 0.006336673848722334
49750 0.007158934630559779
49800 0.006871118576364813
49850 0.006186321342634068
49900 0.007807548403245269
49950 0.007558144055764071
50000 0.006371055964838702
