50 0.9793579123217288
100 0.9723248045799683
150 0.916308393450058
200 0.6524228176716319
250 0.10028627128540898
300 0.06922828828206777
350 0.04665557917981559
400 0.05248552427053381
450 0.0939504553872536
500 0.03579957403834367
550 0.03598495728554516
600 0.05435050245284202
650 0.02870542321744768
700 0.025910417332241205
750 0.02650555642858638
800 0.021344890897376467
850 0.032010971071595
900 0.019690782866808795
950 0.017384524054347875
1000 0.032168819910716843
1050 0.01650927371289643
1100 0.014388070116586745
1150 0.015651360917257676
1200 0.011225496028918168
1250 0.056343415234461756
1300 0.012861954942239321
1350 0.00994829737759031
1400 0.008773350476415746
1450 0.009259364561849389
1500 0.008033788241295655
1550 0.00913914611043812
1600 0.012952806149945694
1650 0.008700457168840537
1700 0.00742712808096559
1750 0.006421295825048828
1800 0.006124216720217941
1850 0.01640212142350585
1900 0.005759905405727379
1950 0.013008504716948928
2000 0.008156785490594702
2050 0.006007551977691868
2100 0.0878857108329218
2150 0.0072835540601914025
2200 0.0048159255945488975
2250 0.0041890173327496704
2300 0.024037899529115392
2350 0.006809490247172671
2400 0.0037895773098600097
2450 0.008511553999521644
2500 0.00815140478784008
2550 0.004339695225548142
2600 0.0043916381640059735
2650 0.0036047506418233123
2700 0.007902643106600592
2750 0.008510792608766981
2800 0.028609254812737375
2850 0.00953134346531953
2900 0.002913463022706075
2950 0.002867334442417082
3000 0.002155132605741793
3050 0.007295874368516053
3100 0.0024205876562680504
3150 0.04027317970315376
3200 0.0070076429655507155
3250 0.002825069435197884
3300 0.0024728230345234417
3350 0.002684881736556104
3400 0.02309230197083726
3450 0.006489774437465591
3500 0.003556070648414415
3550 0.0032199026505444163
3600 0.002361583185815976
3650 0.0028471043808491114
3700 0.015271437031362842
3750 0.005694293981287116
3800 0.0035144951319923084
3850 0.016188332770405323
3900 0.00864453940722622
3950 0.005073091877561984
4000 0.0028220469791271257
4050 0.00444843802788939
4100 0.003835425285381214
4150 0.0028664220146865384
4200 0.026679784795642154
4250 0.005095870692621765
4300 0.0028697548971335415
4350 0.001933223174962183
4400 0.008097040387355309
4450 0.023947500712616396
4500 0.0032802885177443623
4550 0.008433874883737957
4600 0.006417540167674056
4650 0.04205619638852541
4700 0.003170918401550388
4750 0.0026157862992832763
4800 0.0025135005643603767
4850 0.0020211598999242937
4900 0.0023090341907927563
4950 0.009582039191379975
5000 0.0690837565207527
5050 0.003038449811570992
5100 0.0024346736771234186
5150 0.0023125149612156243
5200 0.002305410322549314
5250 0.0018200361188837977
5300 0.0018672479168584122
5350 0.001928945325995567
5400 0.0018929640548030532
5450 0.0019192074535165243
5500 0.0019190178870734649
5550 0.0017997710361253565
5600 0.0017897673750251004
5650 0.0017809154705177262
5700 0.0017104455502282708
5750 0.0016210059078876032
5800 0.002055184605369595
5850 0.001634750710621389
5900 0.0015743379189712677
5950 0.001597839996793507
6000 0.0018533318256265768
6050 0.0015431840400406877
6100 0.0016540582815198262
6150 0.0014545026683729287
6200 0.0014941702070835894
6250 0.0016458172712403322
6300 0.0014666858415651916
6350 0.0014833759172745032
6400 0.0024262484233581335
6450 0.0015496777364389727
6500 0.010930529798725688
6550 0.0017888617853551152
6600 0.0015600514991622944
6650 0.002592862735376821
6700 0.020550365884411063
6750 0.0031819197439432183
6800 0.002416856091918061
6850 0.009145058905894446
6900 0.0015380061834361857
6950 0.0013764753510462715
7000 0.0013967908511584464
7050 0.0027271373318656666
7100 0.0023928330433236234
7150 0.002134540494729695
7200 0.0012945877493519271
7250 0.018712043684471717
7300 0.00299750112928984
7350 0.001227651200106186
7400 0.0012597721535276703
7450 0.012271395471213364
7500 0.002597558226843204
7550 0.0014338500756753804
7600 0.026978729320976922
7650 0.002226000910264973
7700 0.0015737212525249499
7750 0.0021441040250475153
7800 0.0091732238935915
7850 0.0024758447908565314
7900 0.0015579574658143305
7950 0.001207543217413724
8000 0.00654185565682959
8050 0.001752395219984881
8100 0.004436972323318845
8150 0.004640552081860736
8200 0.001335518687128902
8250 0.0015350819655637598
8300 0.0012565868981921427
8350 0.0014198632845029311
8400 0.005429730756166388
8450 0.0014912142566541494
8500 0.0027695596777835697
8550 0.007271554459000868
8600 0.0075596819314849685
8650 0.002790295087787934
8700 0.00114119899730378
8750 0.0012125633544314823
8800 0.0010949254777524297
8850 0.0010586540404213488
8900 0.003329286802824378
8950 0.0038228784748235607
9000 0.0019790299682593488
9050 0.001326032088245735
9100 0.0013607020634219182
9150 0.0010406419871724346
9200 0.003512981507962002
9250 0.002876183802372057
9300 0.000995183760584645
9350 0.0011628313294140367
9400 0.0013319200597418925
9450 0.006020203897180663
9500 0.0013096834068420367
9550 0.006833132798207412
9600 0.004243890800055622
9650 0.0011870662196347118
9700 0.001229147800801371
9750 0.0011160567260290574
9800 0.0018368711391710073
9850 0.0027323926680386714
9900 0.0012083605023136856
9950 0.0010692785572893495
10000 0.0010621947493590289
10050 0.0009448784954785243
10100 0.000936021175486894
10150 0.0009306572288572953
10200 0.001031779365494726
10250 0.0010987220702834146
10300 0.001089057361588119
10350 0.0009806417564757872
10400 0.0009971779212985144
10450 0.0009131043392260861
10500 0.0009973955248379132
10550 0.0010378473750665674
10600 0.001002651146240525
10650 0.0011027059893800543
10700 0.0013921776509919633
10750 0.0009543474380026824
10800 0.0009658587740870522
10850 0.0010528023502100127
10900 0.0011760459215818886
10950 0.0009044266052321455
11000 0.0009833583346370955
11050 0.0009218314508247316
11100 0.0010156044424351287
11150 0.0009773573885150726
11200 0.0008515709587999877
11250 0.0009090797911388297
11300 0.0013291651155666545
11350 0.0026428910421060483
11400 0.0030990361214410424
11450 0.0008480432399936209
11500 0.0010181592450123165
11550 0.00851074857675791
11600 0.0011680601837490631
11650 0.000879245622958263
11700 0.001373522446953713
11750 0.0013068645237198234
11800 0.0012410377457687074
11850 0.002909658707085329
11900 0.000849852151501451
11950 0.001042300429882511
12000 0.0026686862685686343
12050 0.0009592250136223847
12100 0.0009073571956498263
12150 0.001994614166948251
12200 0.003488274903253336
12250 0.001550130316942817
12300 0.001155757276707839
12350 0.0008812589523391596
12400 0.0010173518306080215
12450 0.0008735076306741279
12500 0.002408198033051003
12550 0.0010303657100810227
12600 0.0014955660933654435
12650 0.0059323677814885276
12700 0.0018884565520479295
12750 0.0011139800808009329
12800 0.0007777361947483457
12850 0.004638955954802813
12900 0.008740992580394898
12950 0.0007826563122269809
13000 0.0007635781824018689
13050 0.000864052431888833
13100 0.0009170120149829346
13150 0.005279563438896923
13200 0.0008167688121132802
13250 0.0008939220092241235
13300 0.0007780070657547586
13350 0.0009559093231350521
13400 0.0009094101198573142
13450 0.015143152038791413
13500 0.0011054912785910386
13550 0.0008057961016266397
13600 0.0007474074529516781
13650 0.000828957381861103
13700 0.0024277334690021254
13750 0.0007917921187581618
13800 0.000739099428737628
13850 0.0008723723131758333
13900 0.000789705629928704
13950 0.0030356324571688413
14000 0.006212934665387082
14050 0.001480553215600188
14100 0.0007978645380220561
14150 0.002803831092121994
14200 0.002891912839500454
14250 0.0007972358590787308
14300 0.0026423451776407783
14350 0.011603658725286087
14400 0.0008254058109528854
14450 0.0010890830496263898
14500 0.011634784510411498
14550 0.000863299198905496
14600 0.0009236149293647548
14650 0.0008780232001909336
14700 0.0008050169367737406
14750 0.002996014803079373
14800 0.0007413377549827758
14850 0.0007214664436831367
14900 0.0007047211571894502
14950 0.011139783078401744
15000 0.0011189485972883813
15050 0.0007850903278645326
15100 0.0007652091010486007
15150 0.0007319485553356319
15200 0.0006864671868395609
15250 0.0007960009866288772
15300 0.0006626851715571751
15350 0.0007625501205119102
15400 0.0006808695539703034
15450 0.0007113748142036862
15500 0.0006965794855441786
15550 0.0008452095686034082
15600 0.0006964031846380038
15650 0.0006913464676831134
15700 0.0007330387989536236
15750 0.000723176697835052
15800 0.000639082683735521
15850 0.0007301157714408247
15900 0.0006974221095049162
15950 0.0006889068735657876
16000 0.0006521590405178668
16050 0.0007073774358405257
16100 0.0006365190648708839
16150 0.0007028649994762322
16200 0.0006719723808582984
16250 0.0006975168010806618
16300 0.0006538137648132466
16350 0.0006673797936769828
16400 0.0007403449426345657
16450 0.0007143559690909316
16500 0.0006431792675930406
16550 0.001884056490375538
16600 0.0031505551795276998
16650 0.0006740314642331756
16700 0.0006899040215546947
16750 0.001405663342518815
16800 0.0009463085566699213
16850 0.0006728228340575409
16900 0.0013572612100288166
16950 0.0006693056900267275
17000 0.0012255970834121337
17050 0.0006405506663798403
17100 0.000716514314267792
17150 0.0006960962058115402
17200 0.0016905646063198904
17250 0.002636701810845198
17300 0.0008924685134405966
17350 0.005240323816010898
17400 0.0006871378096971055
17450 0.0007508167348580222
17500 0.0008198081997576339
17550 0.0018522468610579987
17600 0.0007363638024772962
17650 0.000636208993029269
17700 0.0006485776491809188
17750 0.000659879007401471
17800 0.0008071493627882845
17850 0.003945944040580934
17900 0.0006942423625274295
17950 0.0016999297958726325
18000 0.0007726994332311528
18050 0.0006431289670142215
18100 0.000633077812354075
18150 0.0009236478885969051
18200 0.0008857841119887329
18250 0.0017350009899437856
18300 0.000603556658081384
18350 0.0006528967736938812
18400 0.0007297980667341336
18450 0.0006416094435514977
18500 0.0009499331578135964
18550 0.0013433826423940435
18600 0.0006646166414311789
18650 0.000758926155977543
18700 0.0009468125755337909
18750 0.002479765427663396
18800 0.001070815185983553
18850 0.000648139612915789
18900 0.0007102456225439635
18950 0.0006238596639031743
19000 0.0005920875715645465
19050 0.0006409069701388077
19100 0.0006388731416814232
19150 0.0009568250498531077
19200 0.0006556994390281473
19250 0.0008314277078238057
19300 0.0014951017855063067
19350 0.0007091164384891921
19400 0.000678959198498694
19450 0.0006540553957236249
19500 0.0006607757622628237
19550 0.0012109428261087493
19600 0.0009549995347461344
19650 0.0007468111941410583
19700 0.005054425992846068
19750 0.0009040061724739072
19800 0.0006291818656489991
19850 0.0012084973513796387
19900 0.000571509373708461
19950 0.000627286705727831
20000 0.0015467243346989842
20050 0.0006181826127512494
20100 0.0007061766616982471
20150 0.0006611332485406444
20200 0.0005784599454593551
20250 0.0005907774122653815
20300 0.0006763079297441088
20350 0.0005909033330399108
20400 0.0005842079868606477
20450 0.0005531734029520959
20500 0.0005708909787143289
20550 0.000630777142487347
20600 0.0006263990839453895
20650 0.000593724076142233
20700 0.0005848765963189013
20750 0.0006241089317640967
20800 0.0005861214561153021
20850 0.0006774236500419236
20900 0.0005746162138760714
20950 0.0006108584521691031
21000 0.0005892944501717967
21050 0.0006288114770219127
21100 0.0005806080875516826
21150 0.0006087423901526558
21200 0.0005943756634996442
21250 0.0005748053362332615
21300 0.0005681990140069275
21350 0.0007029421342796062
21400 0.0006155100514218301
21450 0.0008633644725736661
21500 0.0007266176706546718
21550 0.0017596817109808561
21600 0.0006302315681601737
21650 0.0006147731587936891
21700 0.0013942953146255609
21750 0.0005797862934569259
21800 0.0005674066679945443
21850 0.0006392041890647798
21900 0.000583682886194174
21950 0.0006754280172474167
22000 0.000718721638409405
22050 0.0006021307493917971
22100 0.0007146296837279196
22150 0.0006408133792877447
22200 0.0006088836516726122
22250 0.0008425775848968447
22300 0.0007602945281606942
22350 0.0005790609926969852
22400 0.0005991456969083469
22450 0.0005917015728497482
22500 0.0007622199955380158
22550 0.0007370354986716912
22600 0.000580919520950136
22650 0.0006284437151970746
22700 0.0014635425667776179
22750 0.0005990347178713269
22800 0.0009498235487451245
22850 0.005827027824134155
22900 0.0005893767181893193
22950 0.0005310561307981876
23000 0.0005760339639113041
23050 0.0008612789331357728
23100 0.0005976391440521587
23150 0.0005843609103194137
23200 0.001743114637761737
23250 0.0006295806823003389
23300 0.0005454810220219416
23350 0.0009476861674232453
23400 0.0021128522479286708
23450 0.002720049926507965
23500 0.0006191609533848559
23550 0.0006120287996828087
23600 0.0006613419531488503
23650 0.0007441696330575685
23700 0.0007634370991536518
23750 0.0006027814166146517
23800 0.0006793276290562067
23850 0.0006382233056659417
23900 0.0006560651834169751
23950 0.0005785057180124312
24000 0.0006087739659565549
24050 0.0007948767589848593
24100 0.0018822783942743135
24150 0.0006309321837188312
24200 0.0005804267451798561
24250 0.0016233425418215844
24300 0.0005658191862256121
24350 0.0005478546209321321
24400 0.0005689851652088057
24450 0.0011130284068085964
24500 0.0029951166731549445
24550 0.0005428200752888899
24600 0.0007092785944848534
24650 0.0005478225963687011
24700 0.0011491477533835932
24750 0.0005897861422320996
24800 0.0018135205603942584
24850 0.0007004265742562527
24900 0.003134187900746121
24950 0.0006188876511494414
25000 0.0007722883956067249
25050 0.0005625926431276938
25100 0.000508518825538483
25150 0.0006023826139744834
25200 0.0005092236604188643
25250 0.0005526514553420709
25300 0.0005220609600869446
25350 0.0005288364225047293
25400 0.0005416847332854217
25450 0.0005134544972769829
25500 0.000504441391434593
25550 0.0005442355426418593
25600 0.0005369927569402992
25650 0.0005298501744380579
25700 0.0005095573939408961
25750 0.0005604632193914057
25800 0.0005125441727702691
25850 0.0005294231285892145
25900 0.0005135452011849576
25950 0.0005196397023584002
26000 0.0005222092380933075
26050 0.0005505491147724836
26100 0.0005999068790905804
26150 0.0005639738683294079
26200 0.0005384534216722103
26250 0.000494476353987193
26300 0.0005206956047194069
26350 0.0007558008267131519
26400 0.0005352554788723009
26450 0.0007851292987777515
26500 0.000596236498625082
26550 0.0007031248500236575
26600 0.0005332316889644769
26650 0.0006788614595654555
26700 0.0005801800843349425
26750 0.0005171090835049086
26800 0.0007319149990835975
26850 0.0005210330182741313
26900 0.0009405102510944794
26950 0.0005695879887796454
27000 0.0005046428807322939
27050 0.0006523707145148301
27100 0.0007142723774158892
27150 0.0007347065937899812
27200 0.0006287982296356749
27250 0.0005177354326413846
27300 0.0005372810082545436
27350 0.0011184340381738213
27400 0.0007046720130843253
27450 0.0005286104140406959
27500 0.0008273270174786025
27550 0.000597647729422676
27600 0.0005420199690905737
27650 0.000531734927499846
27700 0.0005585267417758498
27750 0.0006484960245360012
27800 0.0005429023424945584
27850 0.0005354940020036892
27900 0.0006700517507042989
27950 0.0005163399999316107
28000 0.0006202500097802303
28050 0.0004966187993663446
28100 0.0004921874105525953
28150 0.0005484220965974089
28200 0.0005684187620504394
28250 0.0005679163332438867
28300 0.0005373313248874245
28350 0.0007082919413366294
28400 0.0004979802863956687
28450 0.0006133290605950892
28500 0.0005555110438931758
28550 0.0005010158372365734
28600 0.0005018988739670801
28650 0.0005187447019922786
28700 0.0004933758606033429
28750 0.0007139582422217614
28800 0.0007383801727496891
28850 0.0005060158794744825
28900 0.0005656769680120264
28950 0.0005374580673007558
29000 0.0005623261914424203
29050 0.003173890733287373
29100 0.0005033205144277762
29150 0.00046698525800973104
29200 0.000520813012699266
29250 0.0004956830871705909
29300 0.0006304343826957676
29350 0.0004907408420609172
29400 0.0005181866685962035
29450 0.0006772265747917314
29500 0.0006027470595198571
29550 0.0004949416461208854
29600 0.0005261583753595083
29650 0.000540113958989376
29700 0.002506791691812848
29750 0.0005183280231364804
29800 0.0004695529258138569
29850 0.0006060861151791604
29900 0.00047467476776734017
29950 0.0010804388952320588
30000 0.0005431989361031275
30050 0.0004435361680268061
30100 0.0005161491976797656
30150 0.0004391548543092244
30200 0.0004949535779318429
30250 0.00048229824067189293
30300 0.0004709296275774333
30350 0.0005163666358161252
30400 0.00045868089997492585
30450 0.0004629533448694491
30500 0.0004813966093907656
30550 0.0005881572827825473
30600 0.0004628132376657858
30650 0.000496269708321494
30700 0.0005243927391572463
30750 0.0004581434482388407
30800 0.0005055644397942432
30850 0.0004813509611449139
30900 0.0005201024352904033
30950 0.00047559013471982445
31000 0.0005561254626451493
31050 0.0004633531586034597
31100 0.0005052250087648094
31150 0.00047660516799994155
31200 0.0004982439481488685
31250 0.0004661707168304691
31300 0.000504733318092565
31350 0.0005426288829264725
31400 0.0005477131784682251
31450 0.0005659388557086751
31500 0.0007223004610401414
31550 0.000494705624692766
31600 0.0007271249412796385
31650 0.0005083153062271178
31700 0.0005113747512688968
31750 0.0004488190709058853
31800 0.0004915102158920378
31850 0.0004994818338617588
31900 0.0005168525169044687
31950 0.0004924170646831158
32000 0.000525276619242594
32050 0.0007153602378832039
32100 0.00046495550500881376
32150 0.0005214673436798498
32200 0.0004749395702577464
32250 0.00048781466162887033
32300 0.0004660203665404495
32350 0.0004933897239360296
32400 0.0004974261494100288
32450 0.0004910797650450723
32500 0.0004951905626160668
32550 0.0004390831256236881
32600 0.0004717578516215245
32650 0.0004667934445686071
32700 0.0007484388493647098
32750 0.0005465432221283037
32800 0.0006398238494734404
32850 0.0005371778286265114
32900 0.0005271593741377572
32950 0.0005686430453899107
33000 0.000442415239136941
33050 0.00042824222108708073
33100 0.0004732171433947832
33150 0.0006911914106891539
33200 0.0005274008303319814
33250 0.000514279768598902
33300 0.0005373242066698987
33350 0.0006505375222453384
33400 0.0004689293222667783
33450 0.0005743134775452677
33500 0.0004560984871321198
33550 0.00046911465915051333
33600 0.0004652400178228536
33650 0.0004568486643965679
33700 0.00046150988509799357
33750 0.0005817434274456126
33800 0.000465000345463458
33850 0.0008525517655296452
33900 0.0005129095234814466
33950 0.0004966000943394069
34000 0.0004953020196712005
34050 0.00047499415878875044
34100 0.0005239104124758552
34150 0.0004989366240874861
34200 0.0005047131263401833
34250 0.0005139315866766525
34300 0.0005685646757252473
34350 0.000692258051475621
34400 0.0010461412942420457
34450 0.0004864512647679252
34500 0.00048136652063576415
34550 0.0011908744928102837
34600 0.0004951920027603657
34650 0.0004497218685120995
34700 0.00047274054149810073
34750 0.0004349839205240415
34800 0.0004778756245745709
34850 0.0005377154056350056
34900 0.0005196299524916116
34950 0.00068704419838849
35000 0.0004895891530917094
35050 0.00041919280087114526
35100 0.0004367374239887365
35150 0.0004505612533369519
35200 0.0004381684840574827
35250 0.00046467416237962216
35300 0.0005334050984593351
35350 0.0004456947314777215
35400 0.00047572727249159847
35450 0.0004537095526743354
35500 0.0004951978279701475
35550 0.00043324372119311297
35600 0.00045719539508207207
35650 0.0004635404719124039
35700 0.0004830596618856256
35750 0.00046032022090350676
35800 0.0004615941520619134
35850 0.000473288894798552
35900 0.0005269587489828252
35950 0.0004470794752147584
36000 0.0004625130554922868
36050 0.0004654213628561104
36100 0.00042034984121207703
36150 0.00043235553463316775
36200 0.00046272993241625786
36250 0.00044191569300574575
36300 0.00047787167547437613
36350 0.0004579096883537737
36400 0.00044469293529579633
36450 0.000518095691465952
36500 0.0004611456358706747
36550 0.0005048440613144636
36600 0.00045161550511335527
36650 0.0004551815500240461
36700 0.0005392463133450207
36750 0.000476084578997864
36800 0.0004217274337119069
36850 0.00044497071906004864
36900 0.0004538528258694383
36950 0.0004530455978932614
37000 0.0005612476556747211
37050 0.0004334030891741048
37100 0.00046728350573388677
37150 0.00047377065503258675
37200 0.0005534455961707587
37250 0.0004341360299839842
37300 0.00045135914085527826
37350 0.0004353413501523656
37400 0.00043599089146605547
37450 0.0006394067895962268
37500 0.0004535533038679981
37550 0.0005341851316212065
37600 0.0004793196543317869
37650 0.000466994717297364
37700 0.00044317197392502414
37750 0.0004879053829670019
37800 0.0004815018948483656
37850 0.00042968723279841693
37900 0.0004575037642159072
37950 0.0004382549963381259
38000 0.0004522810223682559
38050 0.00042850845755023704
38100 0.0005440918522541679
38150 0.00045349306519205154
38200 0.00043826848408802434
38250 0.0006564873346374847
38300 0.0004540826715302616
38350 0.0004529583615851972
38400 0.00041184859246924384
38450 0.00046554406464544836
38500 0.0004689940858725186
38550 0.0006632031228269056
38600 0.0004937901538251031
38650 0.00046817097962625567
38700 0.00042923353095832787
38750 0.0004532625328929645
38800 0.00044367221287711046
38850 0.0004240074893671694
38900 0.0004593472817994472
38950 0.0004071500671326394
39000 0.0004537603218221088
39050 0.0004986516970388433
39100 0.00043251561618634524
39150 0.0004861634267969531
39200 0.00042549963691920615
39250 0.0004077703932829634
39300 0.0005450297846003526
39350 0.0006513837032505423
39400 0.00046930790447739735
39450 0.000468618724122612
39500 0.00043733460459735807
39550 0.00041755871840171675
39600 0.00042584692704082596
39650 0.0004194029971773086
39700 0.0004363774999636383
39750 0.00047778237457314616
39800 0.0004689784589850934
39850 0.0004426817002195098
39900 0.0004380528032446919
39950 0.00042521868555549025
40000 0.0004194767854824726
40050 0.00043685827689629125
40100 0.0004248961113733948
40150 0.0004216577059601284
40200 0.00040970162178223865
40250 0.0004812143752686531
40300 0.00042018729151750684
40350 0.00048093405981728944
40400 0.0004260019912995099
40450 0.00042683325180945214
40500 0.00041800100910789454
40550 0.0004060203181704378
40600 0.00047130930743766284
40650 0.00040411277930675236
40700 0.0004555235395709877
40750 0.00039129561531704254
40800 0.0004629938287483084
40850 0.00041764675018449816
40900 0.0004430942628686949
40950 0.0004125612000391391
41000 0.0004146932849479929
41050 0.000388442825739605
41100 0.00046652253113837653
41150 0.00048193044852110143
41200 0.00044544009322337793
41250 0.00042042799774571766
41300 0.00041592555232835475
41350 0.0005450004394793578
41400 0.00044291153157068107
41450 0.0005736073931672624
41500 0.0003936239192467975
41550 0.0004228411058402058
41600 0.000447232844853816
41650 0.0004578273359693406
41700 0.0004555592865219577
41750 0.00044953010332716726
41800 0.0003909034443794541
41850 0.00042618588254252093
41900 0.0004037026428523407
41950 0.0004198924950290961
42000 0.0004815410022835125
42050 0.00043390286278909793
42100 0.0004459264860009912
42150 0.00041467017469127155
42200 0.0005057115565500713
42250 0.00040166957352209343
42300 0.0004408592605738813
42350 0.000433829506600092
42400 0.0004678152616098683
42450 0.0003882150912994124
42500 0.000435041233464911
42550 0.0004368607965331624
42600 0.0004241703108605485
42650 0.000410258492579825
42700 0.00041801109908909926
42750 0.000391531078178288
42800 0.0004268884069898975
42850 0.00043270876003574475
42900 0.0004061451845930923
42950 0.0004073573949775519
43000 0.000379528865080525
43050 0.00045951233743846473
43100 0.00041669883225343486
43150 0.0004153203473343733
43200 0.000468010345860601
43250 0.00042217670980985913
43300 0.00043401123659309027
43350 0.0003957295955289764
43400 0.0004518706070809784
43450 0.00042975361656516535
43500 0.0004054388676700963
43550 0.0004191131798550653
43600 0.00041600152096421815
43650 0.00043885715003747763
43700 0.0004405056882883954
43750 0.00041043542721202553
43800 0.0004485780287550148
43850 0.0004076435821776785
43900 0.0005220495833084543
43950 0.0004322505769143907
44000 0.00039722958016679544
44050 0.0005061527166343358
44100 0.00042984917267681767
44150 0.0004111819512140317
44200 0.00044620602668489614
44250 0.00037940789858975215
44300 0.0004053097968227347
44350 0.00040059688778479725
44400 0.00038929222959211844
44450 0.0003908113681383967
44500 0.00047674873139323367
44550 0.00046046301460100605
44600 0.00044151866966430064
44650 0.0004360362849749015
44700 0.00039577091747034247
44750 0.0004035820989710395
44800 0.00041408169930807543
44850 0.0005270383278999943
44900 0.00038551281623397653
44950 0.00044411001332212194
45000 0.00043692926154304787
45050 0.0003841769477055506
45100 0.0004301177781606865
45150 0.0003982682512616673
45200 0.00044890430234895037
45250 0.0003988993839246225
45300 0.0004088580571484556
45350 0.0003841831625542582
45400 0.0004346839824835528
45450 0.00042171111302132484
45500 0.0004552639727748284
45550 0.0004200808188421398
45600 0.000491986418701342
45650 0.00042195123848510493
45700 0.00038508970324695457
45750 0.00043162704191205013
45800 0.00039822889346539345
45850 0.0004043747870503705
45900 0.00042699657267897403
45950 0.0004084062050912611
46000 0.0003926726962784577
46050 0.00043502856042772724
46100 0.00042022444401905614
46150 0.000412889714076998
46200 0.0004279531801196863
46250 0.0003994779904552357
46300 0.00041671509361964747
46350 0.0003886107287137603
46400 0.00040319174889035425
46450 0.0004188845378804683
46500 0.00039999239661429295
46550 0.0003960209207401687
46600 0.0004005075032320271
46650 0.00040984432404132315
46700 0.0004066264686758126
46750 0.000404661023256077
46800 0.00038199364334241473
46850 0.00042756332475003714
46900 0.0004080812464331973
46950 0.0004045295612320756
47000 0.00040014281456894103
47050 0.0005022970057112207
47100 0.00041389082127775526
47150 0.00040648085936254464
47200 0.00040051313173953125
47250 0.00040657013900036133
47300 0.00047419502948877965
47350 0.00043258840959651466
47400 0.0004014119976051809
47450 0.0004369316632045094
47500 0.0004845163131936242
47550 0.0003974405176124127
47600 0.00043860041527400896
47650 0.00040732240962245987
47700 0.0004576941610764694
47750 0.00040115756766798507
47800 0.0003994971760520174
47850 0.0004149803796212039
47900 0.0004077862991058935
47950 0.00037989874771083567
48000 0.0004801162972553539
48050 0.0003995707924993441
48100 0.0004007151755912867
48150 0.0003875481266771429
48200 0.00038783340305118994
48250 0.000494510246709345
48300 0.00041035244016849383
48350 0.00038238725913368064
48400 0.00043015276434306253
48450 0.0004307827672222258
48500 0.00039766792345260257
48550 0.0004012541453068467
48600 0.0003939285217294099
48650 0.00046458962877395744
48700 0.0003710558081571959
48750 0.0004732253082398012
48800 0.00039336010074195594
48850 0.00041284477229058055
48900 0.00039551895830916675
48950 0.0003737375912679282
49000 0.00037017196797356174
49050 0.00039363889403105993
49100 0.0005571596214751531
49150 0.0004069983392273639
49200 0.00038644294939671903
49250 0.00041854387312855574
49300 0.000395453824757397
49350 0.00042446497608831894
49400 0.0004287500875003089
49450 0.00039668767470165973
49500 0.00040505502855192567
49550 0.0004207529242905119
49600 0.00040144428462401656
49650 0.0003996548519993596
49700 0.00038775093473155514
49750 0.0004185565249206258
49800 0.0003904631547404993
49850 0.0003940437672988997
49900 0.00041369929785006586
49950 0.0003845630978020671
50000 0.0004058502594946834
