50 0.9184711127455479
100 0.24693402599168288
150 0.05358460124899659
200 0.03234760766876042
250 0.022272136366684965
300 0.02280325252116565
350 0.02923785633723922
400 0.025179356744870512
450 0.037614381678343814
500 0.03619409431209467
550 0.02232425458172054
600 0.030085028597249944
650 0.10449197250261254
700 0.021383281441411137
750 0.028773665347760904
800 0.024922010351334487
850 0.05545008957048999
900 0.021030380642683262
950 0.03339778592358335
1000 0.021136498625927813
1050 0.020822095146675896
1100 0.06786255506008339
1150 0.021006115859546797
1200 0.021021092725719687
1250 0.03845678144994848
1300 0.01839061602682983
1350 0.01929990846957147
1400 0.045154427151446304
1450 0.020812799724503016
1500 0.023694348310149826
1550 0.022905237856435563
1600 0.01794908282558763
1650 0.019792009903818176
1700 0.05007192156082688
1750 0.015271196331630163
1800 0.018054857263164366
1850 0.020667910551700808
1900 0.020825982822757178
1950 0.03767589209924958
2000 0.017247857253040563
2050 0.017336205878657848
2100 0.018589394150966904
2150 0.015039811088961724
2200 0.019990197228133753
2250 0.014322827007482117
2300 0.022750539985594315
2350 0.016687406787344764
2400 0.08529485313150989
2450 0.01723358665345982
2500 0.01527622257823406
2550 0.014809099603598682
2600 0.04744228606288227
2650 0.015088305306151994
2700 0.014283347865275244
2750 0.015597159273423852
2800 0.013124469372435894
2850 0.043434960404386165
2900 0.013740227805743235
2950 0.020271618252581433
3000 0.01437571625493154
3050 0.014358256922572763
3100 0.04084312608787398
3150 0.012526672679910335
3200 0.023075866105017516
3250 0.014420529436971318
3300 0.012065860618710992
3350 0.012289260182382855
3400 0.015055572627080611
3450 0.011462655109676234
3500 0.04981313975423548
3550 0.011569301431593758
3600 0.009271989243432699
3650 0.009720140235322316
3700 0.010806973113302826
3750 0.008934234662678916
3800 0.026554956242222025
3850 0.010562028123240278
3900 0.03732033871387938
3950 0.015690760135362095
4000 0.010953656448225772
4050 0.01299541396604045
4100 0.0901339910754495
4150 0.008866370157368353
4200 0.009094567293251825
4250 0.007740589927693183
4300 0.00648624947509034
4350 0.006807350948522326
4400 0.006918383578043326
4450 0.016130921570053632
4500 0.006238962685945222
4550 0.006479602627097499
4600 0.009587167846678124
4650 0.012610097503238491
4700 0.007316851437038425
4750 0.013566509737268615
4800 0.005354912905682759
4850 0.019208620649323306
4900 0.005000650704566508
4950 0.012051680129525674
5000 0.0046259304621843
5050 0.00491176136338913
5100 0.004416239951488844
5150 0.0041514314816803715
5200 0.004218924386939987
5250 0.003854455055239549
5300 0.003897807158901284
5350 0.003907088826366707
5400 0.0033600882102538276
5450 0.0035347264248396897
5500 0.0033806214511677853
5550 0.0029648963180482304
5600 0.0030997020366949008
5650 0.0032020698540704746
5700 0.002985737105140908
5750 0.0028587041414623177
5800 0.0028366921719778777
5850 0.002511779012994108
5900 0.002539174472046804
5950 0.0028189980718732496
6000 0.0023498180848442185
6050 0.0023625467336918695
6100 0.00286605545172716
6150 0.002558994531988685
6200 0.0025467431247962573
6250 0.0024448884065431066
6300 0.002177095760526727
6350 0.010286053060134378
6400 0.002746017588241365
6450 0.02382939478605258
6500 0.0028912594258649273
6550 0.0022261440526258995
6600 0.0024232332018829634
6650 0.03674536041074631
6700 0.0044602263132274686
6750 0.0019346989365591318
6800 0.0016555433548798625
6850 0.0019334749471368313
6900 0.004451554406460332
6950 0.00241884792924998
7000 0.008391501801123415
7050 0.0030492990714490686
7100 0.001810572852362436
7150 0.0017428272226082122
7200 0.00738451776068405
7250 0.0017291430025768411
7300 0.004309854980467445
7350 0.004417878225833274
7400 0.001916061969318962
7450 0.0019891927135348175
7500 0.020628462837893383
7550 0.002126632573939066
7600 0.0017831752435260345
7650 0.005262757307577502
7700 0.024357538542966545
7750 0.0017028643744123242
7800 0.0014622122722835818
7850 0.00819871247214757
7900 0.0016325220440839832
7950 0.0035667114500759533
8000 0.003416165683875733
8050 0.001297342660032242
8100 0.014286017393079867
8150 0.00235425671536528
8200 0.009332846197275157
8250 0.0021197778995261482
8300 0.001282702161615313
8350 0.0014142823538079263
8400 0.014589063518227675
8450 0.0014256382358831577
8500 0.0018866267060018282
8550 0.009421034362522927
8600 0.001589477215690758
8650 0.001381536874094382
8700 0.007583968984755707
8750 0.0015204743618543245
8800 0.003788967036179828
8850 0.0030913405698142636
8900 0.0030158468153302087
8950 0.0016074243697422092
9000 0.0010331317667693206
9050 0.003090903272568688
9100 0.018710189243787447
9150 0.0017010946042134722
9200 0.0012885226501610642
9250 0.008508097034373283
9300 0.001841626040788346
9350 0.0011909859417924952
9400 0.0010020215100176697
9450 0.0030257575366401932
9500 0.0015729372066148612
9550 0.0029734680520219427
9600 0.010522737786407051
9650 0.002112359287748174
9700 0.0013625680852804084
9750 0.011503439717415522
9800 0.0015921679243200311
9850 0.010629127874084897
9900 0.0039054600520506857
9950 0.024788019537253944
10000 0.0018971950604512568
10050 0.0012462321658643397
10100 0.000975135565887437
10150 0.0010546658217212292
10200 0.000956850093264972
10250 0.0013002160181385051
10300 0.0009782696178007955
10350 0.0013510128276906779
10400 0.0010030981775533793
10450 0.0009970836484525462
10500 0.0011681240917610855
10550 0.0010507262474855775
10600 0.0010518935258446822
10650 0.0010906180829122405
10700 0.0009376557806514952
10750 0.0010185516743050453
10800 0.00103387405011759
10850 0.0011200258416197589
10900 0.000988938398126599
10950 0.0011512560749411516
11000 0.001136611086733163
11050 0.0009192575274087126
11100 0.0009905684166342495
11150 0.0009727004716999231
11200 0.0009811138345114242
11250 0.0011938737909666364
11300 0.0009824428852085521
11350 0.0009495977991299592
11400 0.000997537245248181
11450 0.0008740468980225218
11500 0.0010294333595450868
11550 0.001028838206067126
11600 0.0033770713525650784
11650 0.0011009358303798746
11700 0.009713551075349615
11750 0.0010095787003389287
11800 0.0009491391011934968
11850 0.009277952687038061
11900 0.0017169506391816172
11950 0.0011910422698845054
12000 0.010003688849504115
12050 0.0014999528272760078
12100 0.005654829199575898
12150 0.00114812421900989
12200 0.0008103660125117431
12250 0.0009879102871107384
12300 0.006663467203239374
12350 0.0008021667689284322
12400 0.0019250859386771766
12450 0.00221156239475563
12500 0.0013358676770406576
12550 0.001543247371858692
12600 0.01176921598068833
12650 0.001400811510448886
12700 0.0008877957738683441
12750 0.002897295782325796
12800 0.001436280904233903
12850 0.01154870344431763
12900 0.001110610705014835
12950 0.009386650852155717
13000 0.0014804317762629612
13050 0.0009071990001254073
13100 0.0010924268708475502
13150 0.0008013138266730861
13200 0.0010349329149206327
13250 0.00913008855594819
13300 0.0008003231162825631
13350 0.0008153430134793165
13400 0.0008236502988930425
13450 0.0007388262582335581
13500 0.003453503976946744
13550 0.0008132884188994176
13600 0.0007530770148803568
13650 0.0006938682872049597
13700 0.0008528736277212532
13750 0.0013133030834733969
13800 0.0013848427306095376
13850 0.016972538553814885
13900 0.0014869605820370159
13950 0.0007384650672397725
14000 0.0010948814344343698
14050 0.001311942205048837
14100 0.0018132036841580817
14150 0.0008232739303394946
14200 0.0013707145144433246
14250 0.0011968289652807013
14300 0.0031353770794931655
14350 0.00284271763033553
14400 0.0007356195975598043
14450 0.0007289268557150706
14500 0.0008029657714208434
14550 0.012256311473545157
14600 0.001532825930618141
14650 0.000780584596746419
14700 0.0007122986819601443
14750 0.0007284798139359238
14800 0.0007087767323831145
14850 0.0007803489040455138
14900 0.017288500952495015
14950 0.0008718185403086279
15000 0.0008404669606546124
15050 0.0007245236930653415
15100 0.0007306649706359942
15150 0.0006867801164851382
15200 0.0007136266198309337
15250 0.0007454027772610047
15300 0.000728881554822597
15350 0.0008561988837227931
15400 0.000752720882080024
15450 0.0007418354985004641
15500 0.0006867098316031623
15550 0.0007695360341693614
15600 0.0006950143382835253
15650 0.000848165931755352
15700 0.0007751415529535255
15750 0.0006995037019032056
15800 0.0006892530590745694
15850 0.0006985877633863292
15900 0.0007843340234047405
15950 0.0007580533676455529
16000 0.0007216406205230591
16050 0.0006564115621674985
16100 0.0006919300110551252
16150 0.0008041880076524713
16200 0.000703657559468065
16250 0.0006511710700325647
16300 0.0006602716950823451
16350 0.0006971447951278286
16400 0.0006551775324738425
16450 0.004255492328146189
16500 0.0011636319148232977
16550 0.0014277415410219722
16600 0.0008761710672427627
16650 0.0006512836039341234
16700 0.001078974582230998
16750 0.0014799684057023724
16800 0.0006614645887804845
16850 0.0006321343973674762
16900 0.0006913214571850091
16950 0.0019709356041412163
17000 0.0007609466737411643
17050 0.0018893936071998573
17100 0.0006600913422548029
17150 0.0007040948768354092
17200 0.0012353656935855917
17250 0.001478373485509958
17300 0.0006477472779250138
17350 0.000775053822187174
17400 0.0009602997722135337
17450 0.0011188778583086307
17500 0.0010971993012284542
17550 0.0006698229659259222
17600 0.0007043609961161687
17650 0.002858502555353894
17700 0.0007344307544381403
17750 0.0006826569223065394
17800 0.0006337529923066148
17850 0.0012364756754746306
17900 0.0009685832128435637
17950 0.0016597815397531677
18000 0.0007230152978153727
18050 0.0014392301368406483
18100 0.00064757364670127
18150 0.0007579785477010824
18200 0.0008870157635270489
18250 0.0009155508699518681
18300 0.0008234268650449123
18350 0.0006341399798526992
18400 0.0008829190951958057
18450 0.000644753118594563
18500 0.000653715903102347
18550 0.002229515864521944
18600 0.0007682602248837908
18650 0.0007324287574962356
18700 0.00060750161192564
18750 0.0021245037959898142
18800 0.0018071709740593307
18850 0.0007772063875388274
18900 0.0006432179242610479
18950 0.001736770750621097
19000 0.0006636012737487499
19050 0.0005875173270808286
19100 0.0006851977665349346
19150 0.0015076963085384914
19200 0.000608027969151786
19250 0.0008544784338076433
19300 0.001338247076614712
19350 0.0006577489286053196
19400 0.0007719301974742676
19450 0.0006404049145071199
19500 0.0011746918590895528
19550 0.0005960993797962366
19600 0.0007177217220854248
19650 0.0008989796869064755
19700 0.0049665529492586985
19750 0.000825821104341021
19800 0.000577629688733777
19850 0.002780987564323055
19900 0.0006654841096623882
19950 0.0005589532650727621
20000 0.0006429067502340592
20050 0.0005779491071167637
20100 0.0005697644455363095
20150 0.0006077340244032604
20200 0.0005608964708931825
20250 0.0005625751465659699
20300 0.0006763170385038763
20350 0.0006128424808423819
20400 0.0006154032122701334
20450 0.0005834804968120074
20500 0.0005700678324416051
20550 0.0007584763905562574
20600 0.0005791508464274707
20650 0.0005771591381571748
20700 0.0005631197330239206
20750 0.0007458794129659798
20800 0.0005626288677125632
20850 0.0005795827551679082
20900 0.0005620618449590295
20950 0.0005900397431209583
21000 0.0005469738847233462
21050 0.0005577327121315069
21100 0.0006012533474672857
21150 0.0005785753438789165
21200 0.0006077886602289405
21250 0.0006115833657049477
21300 0.0006029333450403531
21350 0.0007638034682359
21400 0.0009154557926650728
21450 0.0005671901260788357
21500 0.0007142368878657844
21550 0.0005620652309391903
21600 0.0005551907319676709
21650 0.0011954880686879854
21700 0.0005833344552081214
21750 0.0006016623102895474
21800 0.0006642634484495876
21850 0.0010168659257092367
21900 0.0013745890102197936
21950 0.0007656988957830037
22000 0.0005973828664074884
22050 0.0007380380724719628
22100 0.0020227496764971898
22150 0.000558229673225237
22200 0.000542428899632491
22250 0.0006081806605767643
22300 0.0005756818520981214
22350 0.0010075744133424866
22400 0.0005335173006756964
22450 0.0005541499246661041
22500 0.0005487634134977912
22550 0.0005372549278183786
22600 0.002103701166203417
22650 0.0005140361251683117
22700 0.001399500061152814
22750 0.0007311131264397855
22800 0.0021675448211105988
22850 0.001080118575442421
22900 0.001009758428852883
22950 0.0005203434414985294
23000 0.0005581253458239178
23050 0.0005501740337374969
23100 0.002506442987414387
23150 0.0006330369571277076
23200 0.0005344074760905964
23250 0.003648618783898312
23300 0.000753186900798952
23350 0.0005752392620909743
23400 0.0019219603148147395
23450 0.0005828799262224045
23500 0.0010859938392630483
23550 0.0008206145187345271
23600 0.0005090110735584369
23650 0.002160106750277545
23700 0.0005527582877812929
23750 0.0006256565154370648
23800 0.0005535737441850735
23850 0.0006146586573578977
23900 0.0012743248635824214
23950 0.0005514908962591536
24000 0.0005730555687569514
24050 0.0010059867843435612
24100 0.0005068636329716037
24150 0.000996719326882569
24200 0.0005411583977259399
24250 0.0006960235894292601
24300 0.0004985813798944022
24350 0.0005414814959156045
24400 0.0004964029941608816
24450 0.00047853570547598285
24500 0.0005493613316713592
24550 0.0011180013136224247
24600 0.0008159493465721168
24650 0.0006293700836735949
24700 0.0016312589541670973
24750 0.0005231721881791687
24800 0.0008010718306835235
24850 0.0018212989911263351
24900 0.0008753957731007098
24950 0.0005681987809106955
25000 0.00048553556831551893
25050 0.0005003056585924162
25100 0.0005066066016295161
25150 0.0005323064263785091
25200 0.0004975226170630011
25250 0.00048588269229920297
25300 0.0005986726584666773
25350 0.0005560794018181309
25400 0.0004996855660233182
25450 0.0005157165369944276
25500 0.0005240848862491902
25550 0.0005095980868966969
25600 0.0005456314220410368
25650 0.0005075101440238073
25700 0.000514164864189203
25750 0.00047152610929003476
25800 0.0004822198497149251
25850 0.0006196889596756639
25900 0.0005548339039737523
25950 0.0005819440039091773
26000 0.0006012868659701237
26050 0.00046659500202322494
26100 0.0005207371423638466
26150 0.0005622284936711687
26200 0.0005304613617756878
26250 0.0005069356717464675
26300 0.00047907336104956985
26350 0.0005119463348157929
26400 0.000511536908119278
26450 0.0006824315895765078
26500 0.0004798664565282519
26550 0.0006788888131545377
26600 0.0015193825596149632
26650 0.0006786537176368509
26700 0.0005708700712696623
26750 0.0009153427070593301
26800 0.0011998169779103313
26850 0.0005355853590499617
26900 0.00047650295370633744
26950 0.0005028867944979952
27000 0.0005472913778909844
27050 0.0013079960474103177
27100 0.00046360851628472006
27150 0.000492766439282289
27200 0.0008647586053965562
27250 0.00045974523542453047
27300 0.0007272892128070054
27350 0.0005677449429643379
27400 0.001324036194904822
27450 0.0005250163904606946
27500 0.001099979834494905
27550 0.0005570913792122557
27600 0.0005421664340438705
27650 0.0008045243298649083
27700 0.0010804289470162623
27750 0.0006429060505210276
27800 0.0017555809399414832
27850 0.000464617689960196
27900 0.00046454606777332155
27950 0.0005114495024106108
28000 0.0009855969229363415
28050 0.0004674073287947005
28100 0.000616814128030435
28150 0.0006999032753226238
28200 0.0008448409834322329
28250 0.0005142281483054242
28300 0.0004934225182039277
28350 0.00047197977396263576
28400 0.000508590112862134
28450 0.0006578050370300144
28500 0.0005410615525612158
28550 0.0005301891785097191
28600 0.0014126603310912968
28650 0.00048302787318140313
28700 0.0005204261134800116
28750 0.0005307522457460904
28800 0.0016402916153981147
28850 0.0005266176734266349
28900 0.0005964464883973606
28950 0.002630214598411725
29000 0.00047616453290053956
29050 0.0004544104714944384
29100 0.0004982081061822007
29150 0.0005019737132884908
29200 0.0005190241874221905
29250 0.0005414396444602156
29300 0.00045178321905577665
29350 0.0006143800852751827
29400 0.0004722993920272623
29450 0.00044302912532709235
29500 0.0005386033866056003
29550 0.0012121940019716006
29600 0.0004257717914106613
29650 0.00046348392196458827
29700 0.0004717590828150384
29750 0.0005122009668810963
29800 0.00046297201361940397
29850 0.00046910529039828733
29900 0.0006280512234219146
29950 0.00047328741077074643
30000 0.0004403949520800406
30050 0.0004683127305986971
30100 0.0004455762991633147
30150 0.0006382624962509049
30200 0.0005818098587848325
30250 0.00046246630141059193
30300 0.0004988348673809458
30350 0.0005139228850814892
30400 0.0004577010277893734
30450 0.0004839021101358883
30500 0.0004518202774927691
30550 0.0004646582848214933
30600 0.0004514908385800158
30650 0.0004373092958125582
30700 0.0004317715428928671
30750 0.00046811271230779323
30800 0.0004391376495701752
30850 0.0005806578915416342
30900 0.0004510595889178057
30950 0.0004564369128163619
31000 0.0005298810213143653
31050 0.0005538610051648248
31100 0.0004296370552069683
31150 0.0005838264192908652
31200 0.0004935449946614297
31250 0.0004897379414061441
31300 0.00041630157089741045
31350 0.00044650662077483615
31400 0.0004980068841349447
31450 0.0005124149252783381
31500 0.0004424299692603713
31550 0.0004993031013181221
31600 0.0006558108013187851
31650 0.0006924442050777925
31700 0.00044520138538549765
31750 0.0004519030475867184
31800 0.0004580254154517117
31850 0.00043827642291332765
31900 0.000721549780057235
31950 0.0004657196287356028
32000 0.0005807848962132924
32050 0.0004637740679179417
32100 0.000539473239025201
32150 0.00041993355629667923
32200 0.0004893145807218192
32250 0.0006423939772167549
32300 0.0004438309664342309
32350 0.00042557030681833566
32400 0.0004189172341910305
32450 0.0004976559770620513
32500 0.00048158935109361836
32550 0.0005357396425496007
32600 0.00041102516047603
32650 0.0004514408040385123
32700 0.0005188641582294444
32750 0.0004748588533304083
32800 0.0007005549036624239
32850 0.0005348938528458301
32900 0.0004555923733741325
32950 0.0004324426882716874
33000 0.0004156222168378422
33050 0.000461425476421768
33100 0.00041792388041597754
33150 0.0006619211525482573
33200 0.0005845319530747311
33250 0.0004443320705642395
33300 0.0004392720777269884
33350 0.0004692593198953099
33400 0.0006212780017646485
33450 0.000405797845590017
33500 0.0004246268491490651
33550 0.00047928990512185397
33600 0.0004348807730299304
33650 0.0006782154684007495
33700 0.00046543786585010355
33750 0.00044267940776634307
33800 0.00045579373924590886
33850 0.0003993178893542554
33900 0.0007683751166431437
33950 0.0004255318268376397
34000 0.0005354886913731272
34050 0.0004779806386512937
34100 0.00040172888725641077
34150 0.0004006521880438746
34200 0.0004197158990509035
34250 0.0005035998800267907
34300 0.0005788266935849155
34350 0.0004481445977855216
34400 0.00047235054549587396
34450 0.00048372866197019735
34500 0.001255802108402249
34550 0.0004750465476011189
34600 0.0006110455087826076
34650 0.0004926099860987298
34700 0.00042053096874395795
34750 0.0004852352988371733
34800 0.00048117667372052673
34850 0.0004703029065817308
34900 0.0006688858819384033
34950 0.00043460285123105165
35000 0.00045328668914581464
35050 0.0004696683276525834
35100 0.00040546361937833107
35150 0.0004261599067623205
35200 0.00042447236724905594
35250 0.00039649370323361363
35300 0.0004181254605994245
35350 0.000442327141797419
35400 0.00040071528268225613
35450 0.00041201510155060907
35500 0.0004123728134368867
35550 0.0004103381339788526
35600 0.0004554496868409435
35650 0.00042433003782862635
35700 0.00041969445573868276
35750 0.000515052798392533
35800 0.0003970115215961232
35850 0.0004049140457307224
35900 0.00038976210825431864
35950 0.00042515500307678517
36000 0.00040594674752607513
36050 0.0004075914802045064
36100 0.00041143589106873164
36150 0.0004054962163911599
36200 0.0004004523594851026
36250 0.00040024795038618935
36300 0.0005488278445408186
36350 0.00039820606164441566
36400 0.0004009313126252365
36450 0.00039530111981947945
36500 0.00043536919556948423
36550 0.0004808822420785881
36600 0.0004425961091131628
36650 0.00039139030728726186
36700 0.0004523802104679394
36750 0.00040807983230884895
36800 0.00044777421746260723
36850 0.0004476988113603924
36900 0.00041533081672343893
36950 0.0004117166149003197
37000 0.00043108045533964216
37050 0.0004041785002741587
37100 0.0004748935910209222
37150 0.0005266008152263908
37200 0.0003950738971572628
37250 0.00039800650993292917
37300 0.0004187202676626275
37350 0.00040148573559893315
37400 0.00040802224693744615
37450 0.00040491435370713875
37500 0.00042968904279294207
37550 0.00041737071328142283
37600 0.0005315423868134182
37650 0.0004005207710572604
37700 0.00038273969641713365
37750 0.00040393416561832743
37800 0.0003990512784344467
37850 0.00044922429204769627
37900 0.0003905109882179724
37950 0.00043377079753407637
38000 0.00037852094237555436
38050 0.00038130107820016326
38100 0.000397858272924522
38150 0.00037986900967159715
38200 0.00045577559813934324
38250 0.0004678534050893213
38300 0.0004149363007410408
38350 0.00040874215421302795
38400 0.00037374997575036927
38450 0.0003988916014667441
38500 0.00041401187846138105
38550 0.0003895619918651848
38600 0.0003909513556234319
38650 0.00041461385599035085
38700 0.0003918949739965057
38750 0.0004694161559384382
38800 0.000498189499942629
38850 0.00041418913696520114
38900 0.0003949969487065561
38950 0.00042445400117022564
39000 0.0004010341768018515
39050 0.0003905677994229611
39100 0.00040424378891447285
39150 0.0005632847876068635
39200 0.000402878016077837
39250 0.0004413581419729905
39300 0.0004118654519992647
39350 0.0003926528782618365
39400 0.000394693640893543
39450 0.0004624617371399112
39500 0.00040093733622877353
39550 0.0004427415907257367
39600 0.00040861745372731
39650 0.0005410468832427269
39700 0.00038585436296046554
39750 0.0003755901289209073
39800 0.00038641337250424013
39850 0.0003931295614527479
39900 0.00037915534918980164
39950 0.0003876315137405197
40000 0.0005215579913550246
40050 0.0004044420765871152
40100 0.0003806605272307785
40150 0.0003941766481925094
40200 0.00036826644202655367
40250 0.0003721879350806009
40300 0.0003889661127951712
40350 0.0003811994312971087
40400 0.000378389077762488
40450 0.0003818214703525175
40500 0.0004071606673754329
40550 0.00046735050146809535
40600 0.0003759198326724744
40650 0.00038846528129198466
40700 0.0003658212376855602
40750 0.00037328718114061084
40800 0.00040748305808599943
40850 0.00035738376884772514
40900 0.00046113909867681385
40950 0.0003713518175385863
41000 0.00038658446107734507
41050 0.0003883595603338338
41100 0.0003945664164176261
41150 0.0003721848411851219
41200 0.0003624187924278774
41250 0.0004116822558256547
41300 0.0003765624956865605
41350 0.0003992744370686965
41400 0.0003942115382407973
41450 0.00038831466210946877
41500 0.0004006755626371238
41550 0.00041871834309672144
41600 0.0003718148636196429
41650 0.000386674250843843
41700 0.0003805490361220918
41750 0.000370997949649485
41800 0.0004440592620583774
41850 0.0004521923936007529
41900 0.0003589606586563609
41950 0.0004670314483430347
42000 0.0003602199728882521
42050 0.00039299510714812743
42100 0.0004473838754073407
42150 0.00041878940413496993
42200 0.00038554714828724194
42250 0.0003937008459542832
42300 0.0003786082747862457
42350 0.0003736848454982735
42400 0.00039031884473294723
42450 0.0004664473391567595
42500 0.000382725964248713
42550 0.0003619209869479888
42600 0.0004320125745156344
42650 0.00038041862499608667
42700 0.0003717401609050494
42750 0.00039362193692797523
42800 0.0004079304197596401
42850 0.00040392509270228424
42900 0.0003667318676854589
42950 0.00038634976167891636
43000 0.00035930300711560146
43050 0.0003600598140532254
43100 0.00039458718361431305
43150 0.0003996174699692988
43200 0.0003767081039849354
43250 0.00037669590697763034
43300 0.00038278490277375365
43350 0.0003754855923923361
43400 0.00037167993504758773
43450 0.00036620705311390505
43500 0.0004262831807700915
43550 0.0003580242416742758
43600 0.0004139352264451952
43650 0.0003991005032260407
43700 0.0003865189657046854
43750 0.0003881281999255287
43800 0.00038188625569698264
43850 0.0003826435438968559
43900 0.0003795354359723589
43950 0.0003801818584821241
44000 0.00035893316395455753
44050 0.000422516888297648
44100 0.0004080034595824537
44150 0.0004511076277615643
44200 0.0003873785518480205
44250 0.0003751494669332039
44300 0.0005665633896947211
44350 0.0005807051367420823
44400 0.00044354039338842136
44450 0.0003698531952606801
44500 0.0003527314013505448
44550 0.0003667092521017952
44600 0.0004999510424690051
44650 0.0004274955916887762
44700 0.0003584739456955188
44750 0.00047975682223789097
44800 0.0003710974610802566
44850 0.0003715917573974349
44900 0.00044646375357458655
44950 0.000374230060590669
45000 0.00036830691458077656
45050 0.00043053068668758
45100 0.00035164725976721925
45150 0.00036572186783865245
45200 0.00036571184138542293
45250 0.0003805475441183334
45300 0.0003831103981242409
45350 0.00034498667143436734
45400 0.00037583316483646366
45450 0.00035209793398402613
45500 0.00036111643061866955
45550 0.00037820183351965737
45600 0.00038420642857245785
45650 0.00036248358430318286
45700 0.0003917201302320844
45750 0.0003610389277066282
45800 0.0003507008487912406
45850 0.0003630133678741153
45900 0.0003677537584266255
45950 0.00037296697345005415
46000 0.00042209543827286775
46050 0.0003669524374874489
46100 0.00042168776919267545
46150 0.0003884365877449941
46200 0.0003643089018534972
46250 0.0003565928763103152
46300 0.0003591053135267714
46350 0.0003651288187425031
46400 0.00036870921534879023
46450 0.0003724517509306761
46500 0.00034630444173540116
46550 0.0003566755490869637
46600 0.0003420019920709372
46650 0.000370851293842777
46700 0.0003793873167178579
46750 0.00037775054921588224
46800 0.00036482968578436864
46850 0.00035401809730038747
46900 0.0003583739970256659
46950 0.0003575593641646812
47000 0.00038914763466306354
47050 0.0003480789501966408
47100 0.00035843281391148134
47150 0.0003928889828686194
47200 0.00044023709886521826
47250 0.0003775350200040526
47300 0.0003613118562571098
47350 0.0003957422478638497
47400 0.0003529977402736716
47450 0.0003633867178131174
47500 0.00046293638218306845
47550 0.0003416751238702839
47600 0.00039722387313975786
47650 0.00035176882349333306
47700 0.0003602931765121323
47750 0.00037095523613808404
47800 0.0003677649445106135
47850 0.0004967655512134795
47900 0.0003755789283966898
47950 0.00036446295970093284
48000 0.0003924841360243965
48050 0.00034798950228960503
48100 0.0004118766431128924
48150 0.0003950475498083702
48200 0.000340941585644188
48250 0.0004822234451565313
48300 0.0003497088995170176
48350 0.0004110592142196416
48400 0.00040012645917586443
48450 0.00033781328262736087
48500 0.0003323393221435678
48550 0.0003571125060097849
48600 0.0003431246405911054
48650 0.00037801937845725983
48700 0.0003490851249758969
48750 0.000345007432682691
48800 0.0003763059464845593
48850 0.00034658810211822154
48900 0.0003835755837032684
48950 0.00039007475472050253
49000 0.00039064469076597203
49050 0.00035290015314746895
49100 0.000347305061896352
49150 0.0003691678257882259
49200 0.0003428921983192805
49250 0.00036186858385418483
49300 0.00034384288702660545
49350 0.00036783056308659534
49400 0.0004094145002527164
49450 0.000347121719532509
49500 0.00035364470181615767
49550 0.00042578953690631236
49600 0.00033986921036783293
49650 0.00034588894040693037
49700 0.0003668167977688135
49750 0.0003516692740937261
49800 0.0003540649708277971
49850 0.0003526889943510531
49900 0.00035673057241191944
49950 0.00037104366989200785
50000 0.00034003954562709395
