50 0.9866203308024352
100 0.9978266106083234
150 0.9865435904528764
200 0.9545979749854325
250 0.8014540241793513
300 0.1616064010581462
350 0.08348622237837468
400 0.07006665231208035
450 0.045854949994161606
500 0.05267064182603957
550 0.035083430797318106
600 0.042286384517549326
650 0.019086729366106902
700 0.027678549711094857
750 0.015423235106737888
800 0.011373291196828858
850 0.009262768209230398
900 0.02014041786812029
950 0.009179804506270761
1000 0.008735458803717067
1050 0.006980832108682036
1100 0.008359119881620932
1150 0.007409638079215848
1200 0.0077257080400728135
1250 0.006537840122190432
1300 0.00585919599856998
1350 0.00446175422587664
1400 0.004605119674866524
1450 0.004586604311853318
1500 0.041366574089135154
1550 0.007421819692723015
1600 0.004757449097334054
1650 0.005267482258125165
1700 0.0042870702800107035
1750 0.004380228574806208
1800 0.004268394327076659
1850 0.004237233759212934
1900 0.05705706125014512
1950 0.005875887527366097
2000 0.004164147012676063
2050 0.023342940515376963
2100 0.006167817068410173
2150 0.0041972164627326
2200 0.009482747212841407
2250 0.04904325503930129
2300 0.005306889875255428
2350 0.003943817754585793
2400 0.0041495805790318
2450 0.007234485712395057
2500 0.005247553787049575
2550 0.04211601650994351
2600 0.004203452290637927
2650 0.004166629203552334
2700 0.003774070130219584
2750 0.0035154993139640462
2800 0.003792054225824023
2850 0.0036965192123522756
2900 0.0037138546636561404
2950 0.009933891792679323
3000 0.004310673886469657
3050 0.009380740207507447
3100 0.03453037764169362
3150 0.003459678055804658
3200 0.004465424954186194
3250 0.0035557167109602932
3300 0.005098628407206237
3350 0.003674924870658744
3400 0.06808674369478106
3450 0.006893893286709729
3500 0.003775834422820073
3550 0.0033624444343946336
3600 0.0041578522694938735
3650 0.009898549416956713
3700 0.0042386280407281296
3750 0.0032485372288144723
3800 0.044358925067542326
3850 0.005916827812828098
3900 0.0032456170934707803
3950 0.004898509464236449
4000 0.005002634715435458
4050 0.00419073280149272
4100 0.004037462672808603
4150 0.00585061722053159
4200 0.0030983092738936092
4250 0.05417066158639778
4300 0.0038432202602682705
4350 0.003887548478473226
4400 0.00308111259485531
4450 0.007909185447340514
4500 0.002951732247646261
4550 0.07760715053273017
4600 0.004773277543554852
4650 0.0035955259947996147
4700 0.00306151657293032
4750 0.0030272928999628673
4800 0.002798629962775975
4850 0.04004418247864579
4900 0.023226311336326837
4950 0.0031195836844351023
5000 0.023341640271524293
5050 0.005364534972298824
5100 0.002691479000629281
5150 0.0026141389487692084
5200 0.0027846437778220176
5250 0.003100839399690466
5300 0.002851392378523173
5350 0.002731512434205604
5400 0.0024958244019623217
5450 0.002474140676400558
5500 0.002472774892775115
5550 0.0024882102659187252
5600 0.002266864253634398
5650 0.0024070538979606313
5700 0.00238611936370579
5750 0.0024182646409208887
5800 0.002251906705650097
5850 0.0025458310922267793
5900 0.0025373741188383296
5950 0.002115026212997176
6000 0.002916564841639566
6050 0.0020247071791967535
6100 0.002135337098522696
6150 0.001914096276310335
6200 0.001977498967702668
6250 0.0017785968233198978
6300 0.013978350413740818
6350 0.005065065620654363
6400 0.002144653212862898
6450 0.006613147583787932
6500 0.0027439552080937017
6550 0.001929690528410626
6600 0.00235272749781459
6650 0.001799145782034471
6700 0.0019633190523780605
6750 0.0020366422160657564
6800 0.0017909761842581562
6850 0.0017798525780091984
6900 0.0015675105060490976
6950 0.001993959524690156
7000 0.00779919011041672
7050 0.0022587665916516684
7100 0.0017236884447253777
7150 0.001938501678987342
7200 0.0015878050560453058
7250 0.008481504341941384
7300 0.001966202988685384
7350 0.001647285985916189
7400 0.002820529281557664
7450 0.001693171946469172
7500 0.0014745041909469839
7550 0.0027347245083953705
7600 0.00146773553764241
7650 0.0017989422061553647
7700 0.0016254190145630553
7750 0.003856777555552782
7800 0.0020770432113247786
7850 0.011474957282364839
7900 0.001871062956129386
7950 0.0017566910642144795
8000 0.0018633725804914018
8050 0.010205611770382027
8100 0.011860028970920403
8150 0.0024351547231164167
8200 0.007526395985339163
8250 0.0022042017644511155
8300 0.0015783361463873682
8350 0.0021268007750817027
8400 0.0013359005501321815
8450 0.008172113321867163
8500 0.005121747315951428
8550 0.0019401955362268687
8600 0.001931529051097027
8650 0.015785487865939044
8700 0.001661962610317499
8750 0.0016133174235719702
8800 0.0014577648671852197
8850 0.001587051699677322
8900 0.00230491268803971
8950 0.001289260234149496
9000 0.001255174156168385
9050 0.005720137277248152
9100 0.004174657221007257
9150 0.0013144134171221929
9200 0.0027276643652150725
9250 0.013485479185210066
9300 0.0028605687001860016
9350 0.0031528090692886455
9400 0.015576015690821676
9450 0.0024227592855960256
9500 0.004475641237095905
9550 0.0018882728962949654
9600 0.0020870848582515626
9650 0.0013984392556880831
9700 0.0015296080482449397
9750 0.027791985550666264
9800 0.0027368070173071947
9850 0.001865007362393998
9900 0.0014848585062953415
9950 0.007976164837778797
10000 0.0021194896488526587
10050 0.0012245876725184835
10100 0.0013066458131498371
10150 0.0018160697580707798
10200 0.0012085616262875
10250 0.001247936275465133
10300 0.0013108396313668517
10350 0.0012897298789177499
10400 0.0011348573757780254
10450 0.001397361637217477
10500 0.0010321646723203215
10550 0.0013693607392937111
10600 0.0011750489782155218
10650 0.0010813255585561013
10700 0.0013485644248323974
10750 0.0013682063765016522
10800 0.0011764953387685534
10850 0.0010947698099364976
10900 0.0010984455296602314
10950 0.0015440516313124483
11000 0.0012492494288219248
11050 0.0013801935640418309
11100 0.0014839920783315658
11150 0.001481361473789363
11200 0.0010737877530686522
11250 0.0010087055276935888
11300 0.001792671555906233
11350 0.0012926380162358066
11400 0.0010670837011545768
11450 0.0011582246959585304
11500 0.004106551630945991
11550 0.0011040209623782234
11600 0.0010388111323946748
11650 0.006315462172780976
11700 0.001098294743600921
11750 0.0009688006456398491
11800 0.0013840530103585347
11850 0.001025299516304552
11900 0.005803014030135914
11950 0.0012217028081383285
12000 0.0009686730907715631
12050 0.0020526510414443535
12100 0.003246255704765255
12150 0.00469807462819195
12200 0.001176478066432707
12250 0.000996609029969007
12300 0.0009834635736962764
12350 0.001086803989483082
12400 0.0016349078723431041
12450 0.005362473003208819
12500 0.0018177971925479306
12550 0.0018773877659200116
12600 0.0012831177988432351
12650 0.0018359107453537699
12700 0.0009717770640365526
12750 0.0010876370193489784
12800 0.0009123060256116852
12850 0.0009006517167251187
12900 0.0013551629338369605
12950 0.0012607098319296626
13000 0.0016833207974861996
13050 0.0027513966460729344
13100 0.0011158023248753592
13150 0.002951284503215802
13200 0.006714089422755296
13250 0.0011409354918966506
13300 0.002428286522007397
13350 0.0012376967184198416
13400 0.0008549244330257107
13450 0.0008281780070633814
13500 0.0011746254630123128
13550 0.0008998291227199854
13600 0.0009607532356827229
13650 0.0010093005681130706
13700 0.01092522041701484
13750 0.00111838314965973
13800 0.0010578035867595504
13850 0.00420080276358691
13900 0.0012894372896998239
13950 0.000885297836222535
14000 0.000949150056308475
14050 0.001349040537354922
14100 0.009712597073247385
14150 0.0009242116389888446
14200 0.0010323064072249144
14250 0.0009909622686998742
14300 0.0054026996649881726
14350 0.0009369566625000345
14400 0.0008012824369332092
14450 0.0034832388055996617
14500 0.001530058511638508
14550 0.0008226986244673643
14600 0.0008927006425329862
14650 0.0021607537027146725
14700 0.0007781162585399322
14750 0.0012782972197958279
14800 0.0008708190650302599
14850 0.0012411416003384513
14900 0.0016973408734386527
14950 0.002176718962995965
15000 0.0019282664913850436
15050 0.0009368490096557251
15100 0.0009015861829869696
15150 0.0008608935795014863
15200 0.0009116178083747487
15250 0.0008114575033291222
15300 0.00088688358447119
15350 0.0009308116145945551
15400 0.0008098868424393824
15450 0.000823687742815835
15500 0.000892839006479687
15550 0.0009255008296518047
15600 0.000871306413753675
15650 0.0007857193475110485
15700 0.0007928108574579056
15750 0.0008934192866166961
15800 0.0011302816516364305
15850 0.0008125378505889295
15900 0.0008744841449396188
15950 0.0007754404504282835
16000 0.0007463702371319006
16050 0.000774526012243407
16100 0.0008681662204288647
16150 0.0009057453147233921
16200 0.0007639397594925987
16250 0.0008087543712381257
16300 0.0011458369454219342
16350 0.001019576283955451
16400 0.0011761173846448572
16450 0.002034583338469445
16500 0.0019397569894996876
16550 0.003086697338109473
16600 0.0008451316403724527
16650 0.0009790650431032318
16700 0.002371086815795599
16750 0.0014097940083032333
16800 0.0008043114019270947
16850 0.0013487182400336003
16900 0.008704577256992224
16950 0.0009930011605107454
17000 0.0007631925681721451
17050 0.0007811488089442506
17100 0.0008065922932325133
17150 0.0033022630694814585
17200 0.0009961214209567653
17250 0.000745714608995793
17300 0.0009778192847207197
17350 0.0015236700449516626
17400 0.0010417782162132408
17450 0.0010433221932141655
17500 0.0007258919501319663
17550 0.0040944822291034124
17600 0.0011536291482248141
17650 0.002079925558353467
17700 0.0034838411446569528
17750 0.0026354319349454385
17800 0.000848382263204013
17850 0.003593333834258614
17900 0.0013700160125899796
17950 0.0007034639544017622
18000 0.0008953259849221703
18050 0.0007173964435410212
18100 0.0007614125954872237
18150 0.0009784882134667768
18200 0.0011811799114089913
18250 0.0006620860903132355
18300 0.0019174060457291138
18350 0.0009815189629116758
18400 0.0009128650647899024
18450 0.0012567835287313717
18500 0.0012270727917995594
18550 0.0012308598920998612
18600 0.0007247391557759518
18650 0.0006727974143806613
18700 0.0007331591958871092
18750 0.00143022658312978
18800 0.0021609426383614625
18850 0.0008974781019336478
18900 0.0011044368802556662
18950 0.0017715766618259117
19000 0.00072346389992669
19050 0.0021955682130173136
19100 0.0007097141922000892
19150 0.0006974908395975259
19200 0.000740856661714519
19250 0.0007469888511367953
19300 0.0008544436374293768
19350 0.0007618185022228792
19400 0.0030821851844356272
19450 0.0008141507792188284
19500 0.0007164166489035157
19550 0.001031492363772581
19600 0.00270632678526769
19650 0.0007830686761129626
19700 0.0009392671445480644
19750 0.0009262728390295869
19800 0.0028130890341914547
19850 0.0008201992341311623
19900 0.002777991598873324
19950 0.0007337538134435168
20000 0.0007783191141332611
20050 0.000685732144980877
20100 0.0007409071301637483
20150 0.0006728063764276532
20200 0.0007026667958410161
20250 0.0006800705749950491
20300 0.0006727132868911345
20350 0.000719603463069075
20400 0.0006482475158618258
20450 0.0006550287009675566
20500 0.0007769472832096789
20550 0.0008227690289277078
20600 0.0006450055352656619
20650 0.0006507300204708312
20700 0.000748290026487222
20750 0.0006109815594633152
20800 0.0007301050550136785
20850 0.0006161563011902455
20900 0.000812079378123875
20950 0.0006511395377855867
21000 0.0007452034561008321
21050 0.0006746756168486833
21100 0.0007313815664709857
21150 0.00067868508830149
21200 0.0007874530661371897
21250 0.0007444745721635345
21300 0.0006619584789980505
21350 0.0006867299368376645
21400 0.0010294052699288843
21450 0.0006531034195341996
21500 0.0006448918082011364
21550 0.0007817478247732295
21600 0.0006836874671052154
21650 0.0008076727845639106
21700 0.000804463548294128
21750 0.000652799116844487
21800 0.0009752420138684915
21850 0.0009223992420681783
21900 0.0006216898578938828
21950 0.0006931985930799808
22000 0.0006598376664715738
22050 0.0014378106370906603
22100 0.0007375086120609891
22150 0.0006334689990753615
22200 0.0011682150531439576
22250 0.0007073666949572938
22300 0.0007538022436430426
22350 0.0008415757839044922
22400 0.00103344582095871
22450 0.0010252720215317404
22500 0.0006587737753705558
22550 0.0008889661355962142
22600 0.0006840153695160611
22650 0.0007338303432925178
22700 0.0006389527904519282
22750 0.0006180229305041383
22800 0.0013359548788040823
22850 0.0011392412767977822
22900 0.0006944165907224738
22950 0.0006039453481425179
23000 0.0006093473129925943
23050 0.0006272166028407086
23100 0.0020947797973326454
23150 0.0006493103654811143
23200 0.0006246856797922276
23250 0.0007066966299087494
23300 0.0005827305652860356
23350 0.0007208280707646223
23400 0.0006897169930914408
23450 0.0006622031092732928
23500 0.009475258368975715
23550 0.0007360866265173032
23600 0.0008908821942483125
23650 0.0008020653828234349
23700 0.0005976764387385175
23750 0.0006235572034185332
23800 0.0006770441559494389
23850 0.0006052688937185973
23900 0.0006453330242606026
23950 0.0006232246367651024
24000 0.000833115313695659
24050 0.0012011185920088319
24100 0.0010358500003803978
24150 0.000711778357450715
24200 0.0007504758037957802
24250 0.0006657243381976724
24300 0.0006597872326134067
24350 0.0012030381541640529
24400 0.0005832560424470273
24450 0.0006257643576439216
24500 0.0014341176548239702
24550 0.0008369045865143265
24600 0.0006298101909914928
24650 0.0007884854220133977
24700 0.003569765918831181
24750 0.0007378173605102756
24800 0.0006189162267544333
24850 0.0009513425396346135
24900 0.001058586681566237
24950 0.0005500209502244954
25000 0.0006061292540611656
25050 0.000588100077308173
25100 0.0005680744992418577
25150 0.0006375051121580849
25200 0.0005919360903001977
25250 0.0005289198033996051
25300 0.0005578310538845486
25350 0.0005536860142200938
25400 0.000633895277520201
25450 0.0007149082822330234
25500 0.0005654991199373024
25550 0.0005573667342687253
25600 0.0005889863911186066
25650 0.0007156989173284539
25700 0.0007459586579810942
25750 0.000552542574534343
25800 0.0005463255801583085
25850 0.0008330002879802367
25900 0.0005863130399330597
25950 0.0005361891341494636
26000 0.0005931961246280644
26050 0.0006199156657998784
26100 0.0006653521669674957
26150 0.0005584431268101655
26200 0.000749731711833854
26250 0.0005420836617083385
26300 0.000931489406639272
26350 0.0005506347967047326
26400 0.0007621356883378931
26450 0.0006642889824204492
26500 0.0009455677486996861
26550 0.0005787667891452995
26600 0.0005499699189590666
26650 0.0006315271127419101
26700 0.000584922838345772
26750 0.0005312105829832429
26800 0.0009715092860327019
26850 0.0006608513813550947
26900 0.0005712735846196469
26950 0.0006363939866047009
27000 0.0005190300122365871
27050 0.0008236504900115633
27100 0.0005691173743404833
27150 0.0006725413006351389
27200 0.000665994807390867
27250 0.0005459338571136584
27300 0.000543323193568711
27350 0.0005226204756617232
27400 0.0005470073960107762
27450 0.0005546948942244917
27500 0.0005933718883480492
27550 0.0005377603807815539
27600 0.0005693546343264423
27650 0.0006116110342860177
27700 0.0006408102376154862
27750 0.000573792089078152
27800 0.0007037240132635102
27850 0.0005591865658169192
27900 0.0005839206271201407
27950 0.0005445954657441886
28000 0.0005631290153009678
28050 0.0007537853398708635
28100 0.0005471538330122568
28150 0.000823870988823245
28200 0.0005752045888862459
28250 0.0005117391894548438
28300 0.0006166801713639079
28350 0.0005264648130081369
28400 0.0016107465325849249
28450 0.0005590121757666177
28500 0.0005321475788671945
28550 0.0004918642924460323
28600 0.0005175446605245223
28650 0.000982774139290874
28700 0.0005135158166674621
28750 0.0006428399725462883
28800 0.0004891647055197774
28850 0.0005473442119658465
28900 0.0005266639304314393
28950 0.0007388372149292286
29000 0.001467984825041305
29050 0.0005439045092964443
29100 0.0005010980011893432
29150 0.0005471166958869889
29200 0.0005282431098938178
29250 0.0006093710324456867
29300 0.0007947175200039038
29350 0.0005590710262356315
29400 0.0014299210189764474
29450 0.0005299321184522945
29500 0.0005042429748606672
29550 0.0005359537293247758
29600 0.0005355396333570593
29650 0.0005157506928528624
29700 0.0013860660755561879
29750 0.0005414387086844679
29800 0.0005257046154227783
29850 0.0005577227868331503
29900 0.0005031915763671061
29950 0.0023213687283610697
30000 0.0004937597663146034
30050 0.0005236342328232773
30100 0.0006418316930395419
30150 0.0007405111551572699
30200 0.0005297242297142011
30250 0.0005112413194068587
30300 0.0005053505886706706
30350 0.0004952566774216238
30400 0.0006984670176900203
30450 0.0005423446351028891
30500 0.0004964158131060207
30550 0.0005187436549771078
30600 0.0004841840658797555
30650 0.0005318247311150907
30700 0.0005064969311517691
30750 0.0006140789998286996
30800 0.000481432630912862
30850 0.0005112343835858589
30900 0.0005996019444517948
30950 0.0005183344147027656
31000 0.000576637404814439
31050 0.0005824851339005454
31100 0.0007515291996685149
31150 0.0005002175322119274
31200 0.0004682611638034249
31250 0.0007094454808491372
31300 0.0006309536495222127
31350 0.0005428130182604054
31400 0.0005720560370741879
31450 0.0004888908401352308
31500 0.000497777146306023
31550 0.0005099828406959936
31600 0.0005239688826872144
31650 0.000534621431190807
31700 0.0004865548316243317
31750 0.0005862428033524867
31800 0.0005483965782520673
31850 0.0005314388065885879
31900 0.0005081871962843845
31950 0.0008541503906097901
32000 0.0005034026866097251
32050 0.0004859083917859575
32100 0.0006277411614916508
32150 0.0004751447418334776
32200 0.0007392174033780807
32250 0.0005847212865588734
32300 0.0005413083587181668
32350 0.0005094441205585664
32400 0.0006784430965780884
32450 0.0004665027198016721
32500 0.00048530969641193724
32550 0.0005662441840735681
32600 0.0005353795328574682
32650 0.0005404477915010198
32700 0.0006793094694677403
32750 0.0006058922472646396
32800 0.0009104415709547914
32850 0.000460175484688495
32900 0.0004888945873845552
32950 0.0005531121640551874
33000 0.00048716468362035217
33050 0.000657488598761882
33100 0.0004798804244370885
33150 0.0007975511403728225
33200 0.000589421213458405
33250 0.0004636330978337429
33300 0.0005197985039426774
33350 0.0005720034254651601
33400 0.0005318824817491173
33450 0.0005492942935797265
33500 0.0007091256450350062
33550 0.0010619523002488333
33600 0.0004579057200626528
33650 0.000504393764276369
33700 0.0005281840469803109
33750 0.0005466568784198443
33800 0.0004792151437052705
33850 0.0004949397089165087
33900 0.0005244399841687676
33950 0.0005905777369513698
34000 0.0007777057513826086
34050 0.00048705464759628113
34100 0.0004944185819072713
34150 0.0004987188663578665
34200 0.0005862887335555404
34250 0.00047832427122014874
34300 0.00048095441711901144
34350 0.00044640765774875
34400 0.0004710972811372048
34450 0.00047502913821452893
34500 0.00044205833124843585
34550 0.0007145113719984417
34600 0.00047077489354497036
34650 0.0004621437418859197
34700 0.0004625882636222184
34750 0.000643767049345356
34800 0.00044755101646372646
34850 0.0006709487692357932
34900 0.0004482543608895885
34950 0.0006083899951027247
35000 0.00045827511334830477
35050 0.0005561800090263326
35100 0.0004641829007000639
35150 0.00043806109097006276
35200 0.0005197869811174797
35250 0.0004476116183691869
35300 0.0004628819728923542
35350 0.00044706570852788053
35400 0.00044023995025841876
35450 0.0004700097633979072
35500 0.00044545499518575
35550 0.0005859442212243505
35600 0.0004894601324493332
35650 0.00044303254228775224
35700 0.0007372888584369252
35750 0.00045743679584300736
35800 0.0004240950760513901
35850 0.0005760736034864666
35900 0.0004546513100126829
35950 0.00043700675140228467
36000 0.0005604417977090577
36050 0.0004469469884236442
36100 0.00045819982094800587
36150 0.0005206353236682348
36200 0.00045261482220987874
36250 0.00047339761560288905
36300 0.00042367253553722084
36350 0.0004549028652841094
36400 0.00045372541825902836
36450 0.0004447167111195791
36500 0.00047783179572280477
36550 0.0006430569208387128
36600 0.000489133467717681
36650 0.0005800634253368263
36700 0.00046413828391881696
36750 0.0004655894436506539
36800 0.00047633137247042384
36850 0.00045059973825532237
36900 0.0004922534806021917
36950 0.000528146512645081
37000 0.00044960393846267603
37050 0.00045924332196681635
37100 0.0006486653748866226
37150 0.00043088441517871495
37200 0.00047352578264775013
37250 0.0004698017768417553
37300 0.0005998896828686626
37350 0.0005361056490706064
37400 0.0005361704428121342
37450 0.0004470936293110944
37500 0.0006002833340957479
37550 0.0004469948682560365
37600 0.0004092556355426362
37650 0.0004347767533728663
37700 0.0004320860551849964
37750 0.0006000592694164254
37800 0.00043979086403082124
37850 0.0004498509835029259
37900 0.000456047727557907
37950 0.00044724783789811917
38000 0.0007445310622142898
38050 0.0005776016742780963
38100 0.0004382921559764129
38150 0.0004362730186553734
38200 0.000489816889781035
38250 0.0005215810961653383
38300 0.0005261185192514581
38350 0.00044521603650484273
38400 0.0006662370901859928
38450 0.00039975817789825017
38500 0.0005587814855828751
38550 0.00046143870957534276
38600 0.0004980119440878294
38650 0.0004717750749996229
38700 0.0007169014331382176
38750 0.0006170782243841423
38800 0.0006122017950865454
38850 0.0005375376952383139
38900 0.000434613353058117
38950 0.0005143086802675205
39000 0.00046930477301789165
39050 0.0005041824197384325
39100 0.0005094314841881584
39150 0.0005339639442291007
39200 0.00046838785031642417
39250 0.0005145393415369514
39300 0.0005924845184380383
39350 0.0004625380972185294
39400 0.000456143546098426
39450 0.0004775600361157832
39500 0.0005164120514734112
39550 0.0004695908288323013
39600 0.00041793492400222257
39650 0.00040883343958782035
39700 0.00041728448063560377
39750 0.0005261021934395579
39800 0.0004361775424389087
39850 0.0005885747819614663
39900 0.0006479321089439601
39950 0.0004088959004699951
40000 0.0005771745694420227
40050 0.00041469617227821826
40100 0.00040902460422659526
40150 0.00044085684137759644
40200 0.0005077852791613891
40250 0.00043910164570066395
40300 0.0004742168781064494
40350 0.0004176560163648184
40400 0.0004202020872219112
40450 0.00045253321778383364
40500 0.00045006403545497665
40550 0.0004224758537022518
40600 0.00040499910563817834
40650 0.000415626269752959
40700 0.000439186946832961
40750 0.0004988601062123205
40800 0.00041501399921016436
40850 0.00044815601237461247
40900 0.000410004519351936
40950 0.00045343968851584414
41000 0.0004203220371979011
41050 0.00041730847472843394
41100 0.0004123658452066423
41150 0.00043986074761360344
41200 0.00044541724717170355
41250 0.0005106022982690832
41300 0.0004010661376592846
41350 0.00044200346614527234
41400 0.0004139328279431088
41450 0.0004762729709181761
41500 0.00043905418336019115
41550 0.000457073903327284
41600 0.0005013662604357918
41650 0.0005044687208019911
41700 0.00040619929311699903
41750 0.00044980512811396584
41800 0.000482803805538582
41850 0.0004573557242964037
41900 0.0004122334644424415
41950 0.0006013271668867621
42000 0.0005439787899824167
42050 0.0004789166130343812
42100 0.00044520113615245
42150 0.0004367278847941846
42200 0.00040144435684861385
42250 0.00040937521340793164
42300 0.0003882169234827013
42350 0.0004119127895745469
42400 0.00045209573955854246
42450 0.0003947973798928854
42500 0.0003919337913981725
42550 0.00041245288154470166
42600 0.0005549328746749982
42650 0.00039147162365883443
42700 0.00040282041576314973
42750 0.0005356345302389335
42800 0.0005165437241860743
42850 0.00043802205299938254
42900 0.000436541791434398
42950 0.0004255288858221144
43000 0.0006091064871579799
43050 0.0004020832564743803
43100 0.0004551269628769426
43150 0.0004382803315534839
43200 0.0003976962537879682
43250 0.0004599457583793359
43300 0.00043141116892296425
43350 0.0005880910825034984
43400 0.00043867574753008603
43450 0.0003875368599028285
43500 0.00046926001806594744
43550 0.0003898639843277332
43600 0.0005830257369343747
43650 0.00041363725612454617
43700 0.00039566777598053356
43750 0.00047152605857593273
43800 0.0004209133894981755
43850 0.00039949637216988085
43900 0.0003868943228504075
43950 0.0004396076596155608
44000 0.0003981775618991355
44050 0.0004001919555708042
44100 0.0004818355157741746
44150 0.00041910393213451057
44200 0.000398774771040359
44250 0.0004475062626216808
44300 0.0003864834278395445
44350 0.0005232985746299061
44400 0.000416213449416563
44450 0.0003937796892702837
44500 0.0003981415469769987
44550 0.000448269608256527
44600 0.0004034783797220814
44650 0.0004994972663477967
44700 0.000491255097492813
44750 0.0004298833473051249
44800 0.00039153318927646365
44850 0.0003832011031360506
44900 0.0004084773754481852
44950 0.00036568337013835714
45000 0.0006168952699679951
45050 0.0003867369982772947
45100 0.0004935457730172002
45150 0.0004032987432233961
45200 0.00041093433784715054
45250 0.00038938396339271807
45300 0.00039989418276905724
45350 0.0004655205924267315
45400 0.0003849616893389518
45450 0.0004054345139307476
45500 0.00037634605509924364
45550 0.0004077768941890136
45600 0.00039681317676329593
45650 0.0004290192230839261
45700 0.0004048617647326101
45750 0.00042358353537601023
45800 0.0004314430006152462
45850 0.0003882404832217267
45900 0.00039516541121195343
45950 0.0004175241496091328
46000 0.0003916256675080492
46050 0.000415452975255225
46100 0.00043757149191994015
46150 0.0003966808913966607
46200 0.00039615967612339744
46250 0.0003919560866908818
46300 0.0004089740838626149
46350 0.0003982592001181513
46400 0.0004196132575883733
46450 0.0003938387368041256
46500 0.00036296898782734924
46550 0.0003816811403225277
46600 0.0004095450231935363
46650 0.00038962182643660105
46700 0.0003901542514555808
46750 0.00045709227095173894
46800 0.0004610834137041825
46850 0.0004987416224271525
46900 0.00041096270972638103
46950 0.00041712325512205655
47000 0.00037912160026590773
47050 0.00040641111084466984
47100 0.00040589336445128816
47150 0.0004488906633991223
47200 0.00037410577380795425
47250 0.00039138200566039117
47300 0.00040574602795356065
47350 0.00038271512415453696
47400 0.0005740475617934278
47450 0.00037964341946041035
47500 0.00038743569317016476
47550 0.00038643438616783334
47600 0.0004106223635128877
47650 0.00045509250569364336
47700 0.00048315293963602343
47750 0.0003745391561460174
47800 0.0003831008856626488
47850 0.00039141663790061716
47900 0.00039262694568840034
47950 0.00048501113777369066
48000 0.00040980625379277496
48050 0.0004305129320988889
48100 0.0004018392578452871
48150 0.0004023625944080565
48200 0.00038770721432170924
48250 0.00041933713705698863
48300 0.00036606438217642585
48350 0.0003759976444832457
48400 0.0003607291897429123
48450 0.00037630756813190907
48500 0.0003832487994593566
48550 0.0003752107399342641
48600 0.000407501078745542
48650 0.00041925903956999133
48700 0.0005502721665598081
48750 0.0004035861926730915
48800 0.00040371546481915796
48850 0.00040638387925417843
48900 0.00045272713853752443
48950 0.0004481615351506646
49000 0.0003869329647137795
49050 0.00047211886679415896
49100 0.0003889184772758726
49150 0.00038966083783356675
49200 0.0003801621826018969
49250 0.00041626801644004504
49300 0.00044785124744052193
49350 0.00037085098391462966
49400 0.00042828609359038837
49450 0.00037382086162536055
49500 0.00038857920443749884
49550 0.0005261951722341898
49600 0.000393249879225198
49650 0.00042860680341568787
49700 0.0003812029701114596
49750 0.0003985541867497769
49800 0.00037692657507568805
49850 0.0003689689703892119
49900 0.0005464114161404935
49950 0.00046753825479869975
50000 0.0003661298156562197
