50 1.0232368038997235
100 1.0038848745942375
150 1.0007459406521908
200 0.9959925751126726
250 0.9802178745709669
300 0.8404520480885718
350 0.14095404333362593
400 0.11084066611063571
450 0.06407959450884139
500 0.054529504485443
550 0.03577622632703179
600 0.03778511017280528
650 0.030080008484414944
700 0.07495891606584247
750 0.023030899573288792
800 0.01939849306745259
850 0.04180716671494012
900 0.019139774809527364
950 0.015344993477207183
1000 0.0328624247365657
1050 0.012461850901911467
1100 0.012485781507348637
1150 0.012073067706013404
1200 0.009707429830054144
1250 0.01028043888930892
1300 0.01849837963588656
1350 0.009316311475234517
1400 0.008778814404446184
1450 0.02584325997442241
1500 0.009059949401521833
1550 0.0067253670981917545
1600 0.006790965887205409
1650 0.0068981576077578426
1700 0.03428284410691488
1750 0.006458640407262582
1800 0.00562970883325533
1850 0.06238413384204905
1900 0.0055012434092109016
1950 0.005361947229642626
2000 0.005367664993108655
2050 0.004870941808941203
2100 0.04232736400399441
2150 0.006955327086681078
2200 0.0045285422369086
2250 0.004951779075647666
2300 0.004749130165381709
2350 0.007367546528656483
2400 0.0039838611833165295
2450 0.005902492062904503
2500 0.011957878324832145
2550 0.02420841618833196
2600 0.03771549722606673
2650 0.006020690254783745
2700 0.029923581882436913
2750 0.012717677457751361
2800 0.004001594836190374
2850 0.01020827610270171
2900 0.0032495396309223986
2950 0.0031226651626972478
3000 0.0035664250122570927
3050 0.018779914528661505
3100 0.003669515257535555
3150 0.0033875667984046166
3200 0.0033181178705661367
3250 0.003626455947247218
3300 0.005157578448111014
3350 0.004490702274652528
3400 0.0031488919772405385
3450 0.02713243091824829
3500 0.004072372156927288
3550 0.015364620608713317
3600 0.004413114623917617
3650 0.0031966763345183252
3700 0.030484530107114757
3750 0.004941136823882072
3800 0.0026396587795177984
3850 0.002439627473235143
3900 0.0023415926356655046
3950 0.008638199825670859
4000 0.0026003285489713535
4050 0.0023522166125053133
4100 0.0023597291037155336
4150 0.0029275889625520607
4200 0.0028152675092674383
4250 0.00255079079143387
4300 0.0025484292799739586
4350 0.0022760673790578976
4400 0.02631393381624804
4450 0.002970166467921095
4500 0.002570488840025872
4550 0.0022062030858500084
4600 0.0022690051406951675
4650 0.0020753334223930185
4700 0.001971868759953785
4750 0.01687426949014494
4800 0.002323690618429793
4850 0.0024655726086244977
4900 0.02599309341959837
4950 0.006389380288118021
5000 0.09519894239193198
5050 0.002226732393744195
5100 0.002237162590224928
5150 0.0018501971768090206
5200 0.002379561337146869
5250 0.0018895204196847167
5300 0.0017909149810171128
5350 0.0021669055588486885
5400 0.0017949085766292752
5450 0.001778171036679452
5500 0.0018622892829613818
5550 0.001880984943607792
5600 0.001749361803808472
5650 0.0015910019949002144
5700 0.0015063254986916164
5750 0.0015608712565884485
5800 0.00191200166722426
5850 0.0015656491324794485
5900 0.0016591254423323637
5950 0.0014602339434867564
6000 0.0016596077327794654
6050 0.0014050954244190024
6100 0.0014435390998584292
6150 0.0013784134137575176
6200 0.0014035169532115427
6250 0.0013231690088525707
6300 0.0013075215660112364
6350 0.0013464805088026336
6400 0.0016738851439958037
6450 0.0023593489349076
6500 0.0029721704412055037
6550 0.025173753066049083
6600 0.0016945809494969774
6650 0.003269096230082233
6700 0.002167933393479862
6750 0.006820196210284075
6800 0.0013958488894651499
6850 0.0011811708258682935
6900 0.0013347217653672224
6950 0.002794751642823509
7000 0.001540503202373199
7050 0.0014350632007507952
7100 0.0011638117272830533
7150 0.0038392462674190055
7200 0.0011908516006022356
7250 0.001145457020053412
7300 0.0012819430350456086
7350 0.0017102471163911578
7400 0.002119496110910482
7450 0.005186738625801916
7500 0.0014145561627254618
7550 0.0014201636419757062
7600 0.00718647800097177
7650 0.0028442882728043936
7700 0.0013919908476112968
7750 0.0019321765344997774
7800 0.0017864207551985549
7850 0.006476391952908032
7900 0.02027922211984768
7950 0.0013443045459226538
8000 0.0013448285636407042
8050 0.0061981818444254416
8100 0.00106013633124556
8150 0.003433485347466938
8200 0.0022111845303929094
8250 0.002407836551708939
8300 0.01296471583787657
8350 0.001168608762533446
8400 0.001280222273318636
8450 0.004451323947668043
8500 0.0014408537160890901
8550 0.0013888552895153408
8600 0.0012640229924019628
8650 0.002141072132571502
8700 0.0011340084099843595
8750 0.0022105282815900245
8800 0.0011574087901538193
8850 0.006718458783092574
8900 0.0012095313598509685
8950 0.0011469190765757257
9000 0.002817050538734326
9050 0.003199796402095722
9100 0.001216219686913034
9150 0.0011545291321263431
9200 0.0010992412723943713
9250 0.010138280053318382
9300 0.0012213093465600065
9350 0.0011866075977888103
9400 0.001442049736268557
9450 0.0010734435879058647
9500 0.0042888186332306535
9550 0.0017815501660048895
9600 0.001043952465776567
9650 0.0011323475448342688
9700 0.0032825733992108332
9750 0.001293292701051551
9800 0.0011545287010079975
9850 0.01277394623815926
9900 0.0025596147724842697
9950 0.0014515616174774035
10000 0.001438813646373669
10050 0.0010134737280389715
10100 0.0011016938401893163
10150 0.0011464197737350967
10200 0.0012222807639935029
10250 0.001158057128251638
10300 0.0010098118626138265
10350 0.0013333969906122885
10400 0.0010988892246246245
10450 0.0011285353953745555
10500 0.0010629637889389908
10550 0.0011143863974355142
10600 0.0013200857164889666
10650 0.0011301061820149561
10700 0.001070105410817747
10750 0.0010654245082911482
10800 0.0010671072452190541
10850 0.0012282312051576023
10900 0.0010760328940551032
10950 0.001181918573924753
11000 0.0010632881431385443
11050 0.0011178528776898508
11100 0.001107767779746148
11150 0.0010878764663095157
11200 0.001015085896802737
11250 0.0010365821475005047
11300 0.0010202675172817231
11350 0.0011196413815094505
11400 0.0017368645885075566
11450 0.0033851951008900586
11500 0.0012989967670150942
11550 0.006710110190924834
11600 0.0014226624446818954
11650 0.001878222922907752
11700 0.011601506024563737
11750 0.0011642273558271098
11800 0.0012227427629917006
11850 0.0012727959720388118
11900 0.0033483751008360043
11950 0.0010050479916926581
12000 0.0009148404948787587
12050 0.0013121413825088267
12100 0.006864881397891763
12150 0.0009718399008739266
12200 0.0023925123593201997
12250 0.004039521482721062
12300 0.0012337110006544214
12350 0.0019650323528616043
12400 0.0014603149719898984
12450 0.005503746125844662
12500 0.0010488654445410318
12550 0.001268963117892445
12600 0.002937584714086419
12650 0.0012050231763974784
12700 0.009454481651313566
12750 0.0010346643752371198
12800 0.007250546498154428
12850 0.0009695651467269822
12900 0.0009487702400140436
12950 0.0009210677554076165
13000 0.0024032746871679275
13050 0.0011811825793684556
13100 0.001043361582111394
13150 0.0010495093468682454
13200 0.0011273024896762457
13250 0.001025094945930855
13300 0.0037161662336071175
13350 0.007237789860162446
13400 0.0010079828938580303
13450 0.0009722996753034107
13500 0.0009263378871270065
13550 0.0009159169438809013
13600 0.0009536906612921658
13650 0.0011828077563990943
13700 0.007119347080034237
13750 0.0010450332084263264
13800 0.0009398222093134357
13850 0.0011862361843253582
13900 0.001402911633257967
13950 0.001757244705309884
14000 0.0009874322049908352
14050 0.0009006667574709954
14100 0.001705055801167357
14150 0.004963160363542334
14200 0.0010226133502973034
14250 0.0008511717759373044
14300 0.012245728094709191
14350 0.000981080451480728
14400 0.004407202892094158
14450 0.0009705421958404947
14500 0.0008595232878607746
14550 0.0011363152865718562
14600 0.0022664633240327206
14650 0.0008914437406145034
14700 0.0020887986517688834
14750 0.0037914794353951327
14800 0.0010884875722558221
14850 0.0008323257000989917
14900 0.0009946834395627299
14950 0.005858406710539868
15000 0.0009450739996284156
15050 0.0009161389825615403
15100 0.0010765832444878357
15150 0.0009354948471764972
15200 0.0009760694200672466
15250 0.0010917336830327546
15300 0.00084674267896206
15350 0.001089734649957619
15400 0.001133555829485586
15450 0.0010259451169537489
15500 0.0011087273381615297
15550 0.0010412778674600063
15600 0.0008393378996932621
15650 0.0008681300792820737
15700 0.0008808880808789018
15750 0.0008334019157009403
15800 0.0008012712556520324
15850 0.0010276719112942247
15900 0.0009005181640912024
15950 0.0009197729387541811
16000 0.0008508565661998252
16050 0.0007995185455834578
16100 0.0008679097091355605
16150 0.000830994107014466
16200 0.0010198306034404359
16250 0.0008505606240179808
16300 0.000837702482234888
16350 0.00082008957785489
16400 0.0007930870134402163
16450 0.0008130862901074851
16500 0.0008442429381806906
16550 0.0011376963362580597
16600 0.0008598480151240486
16650 0.0007619772494952522
16700 0.0009488458595947031
16750 0.0008895741710983032
16800 0.0028934751847646844
16850 0.0007749676025858795
16900 0.0008911086038464127
16950 0.0017016661981079937
17000 0.0007492697193167795
17050 0.0008538491439502217
17100 0.004302474570048414
17150 0.0008392398381394761
17200 0.0011603413183690465
17250 0.007638306852999386
17300 0.0010501921205648382
17350 0.000761111192281654
17400 0.0008488055732649913
17450 0.0008266122775622563
17500 0.003354161921032503
17550 0.001033529634594716
17600 0.000753718967696353
17650 0.0015621021305286455
17700 0.001034564184535391
17750 0.000877261783993758
17800 0.0008499595242547339
17850 0.0025668182956205656
17900 0.004394941376025498
17950 0.0006983757522461338
18000 0.000740405238227654
18050 0.0038142697738894203
18100 0.00075451435151187
18150 0.0007743213589394216
18200 0.0007657366520955544
18250 0.0007550450219925857
18300 0.004916690175011716
18350 0.0010062301766134642
18400 0.0013308083424571483
18450 0.0012069656163947611
18500 0.001758382263099275
18550 0.0010647300643738108
18600 0.0008453646850096631
18650 0.002132227062736278
18700 0.0012057243499182847
18750 0.0007170850927238822
18800 0.0007298081522604447
18850 0.0008727371622457812
18900 0.0028583638121700288
18950 0.0008279475067456427
19000 0.0008001936287888912
19050 0.0014417577997374018
19100 0.0007772327724500259
19150 0.0007851910012636341
19200 0.0007732861322630966
19250 0.0009032349830790034
19300 0.0007659150962497705
19350 0.004162722470302443
19400 0.0021525857501260306
19450 0.0009931304070995416
19500 0.0007379964337119483
19550 0.0007592147873011582
19600 0.0008383830085544883
19650 0.0007582145263956383
19700 0.000717871250640829
19750 0.0008408749224879964
19800 0.011280803763033706
19850 0.0008274696867530906
19900 0.0007933153626305512
19950 0.0007163033483600359
20000 0.0006987093088128909
20050 0.0007434873213863251
20100 0.0007119096789151682
20150 0.00068137545187455
20200 0.0007704114354235382
20250 0.0007607931335137691
20300 0.0007672949962556322
20350 0.0006883418423850037
20400 0.0006553458349439223
20450 0.000913702690099275
20500 0.0007386384241239656
20550 0.0008251997632398545
20600 0.0006186201259129971
20650 0.0006896626917103894
20700 0.0007535245958193018
20750 0.0006718422361150316
20800 0.0007220046041414149
20850 0.0007147579512223811
20900 0.0007853524681584982
20950 0.0006880652915842632
21000 0.0006465443141984535
21050 0.0006821812613257338
21100 0.0006823416107608122
21150 0.0007824462472170447
21200 0.0007106787862407711
21250 0.0006969738794749691
21300 0.0007515183580368506
21350 0.0009641595809569318
21400 0.0012502700264156075
21450 0.000671698007467219
21500 0.0007609164052558887
21550 0.0007056048442788367
21600 0.0007671533682617022
21650 0.00085353813085123
21700 0.0017662922468188456
21750 0.0007120930897158054
21800 0.0011706505061442394
21850 0.0008117981757909688
21900 0.0006378015362172968
21950 0.0010234180437974927
22000 0.0006769291673652968
22050 0.0010303193098549434
22100 0.0007894298758779845
22150 0.000897791108780496
22200 0.0012094559856652245
22250 0.0018355476426987968
22300 0.0006713629491866724
22350 0.0006784253012762583
22400 0.0006889424229215152
22450 0.0009169006265297815
22500 0.0006594900524268261
22550 0.0006553658336032476
22600 0.0008651351789802561
22650 0.0007295391111331577
22700 0.0007863908732586257
22750 0.0010982093694154537
22800 0.000695417928024658
22850 0.0007035369393254024
22900 0.0007215602794188
22950 0.0007801766894617675
23000 0.0006718226999457335
23050 0.0008349407875337371
23100 0.0006883558817765065
23150 0.0006948415986393822
23200 0.0015514872557111906
23250 0.0006804556743023664
23300 0.0006622351174331414
23350 0.0013294103261660354
23400 0.0006382534499050254
23450 0.0019927988296545547
23500 0.0008544684760525076
23550 0.0008054086330144159
23600 0.0006443934739254622
23650 0.0006358593882927492
23700 0.0006525615238434969
23750 0.0007581700559943345
23800 0.0006909921370038598
23850 0.0007552438944165521
23900 0.0006811767379805077
23950 0.0013199228617941183
24000 0.0005962475423805862
24050 0.0013238416286358795
24100 0.0007003359499319159
24150 0.0006431211047990867
24200 0.0006095557041168322
24250 0.0006117849853835586
24300 0.0010486740960366295
24350 0.0006584710872224256
24400 0.0006377667809986418
24450 0.0014628162266278888
24500 0.0006293463599397175
24550 0.0007327950213102266
24600 0.0009718758009000679
24650 0.0005997113090452714
24700 0.000788249961242353
24750 0.0007542058524710592
24800 0.0008123553205671925
24850 0.0006452115111130966
24900 0.0009661665845945865
24950 0.0005566422554908879
25000 0.0006698023343296175
25050 0.0006688737840156059
25100 0.0006830853208796285
25150 0.0006391614005989023
25200 0.0007070407185191759
25250 0.0005708085478681195
25300 0.0006542035494347206
25350 0.0005712436872792595
25400 0.0006129414901186889
25450 0.000574214571876454
25500 0.0005420220075516144
25550 0.0006192364774987626
25600 0.000689433398155206
25650 0.0005571962574744252
25700 0.0006751230927535385
25750 0.0006159463361221857
25800 0.0005780617686824153
25850 0.0005926328452780632
25900 0.0005344743229206868
25950 0.0005800180724437477
26000 0.0005682912749470846
26050 0.0007574098738928144
26100 0.0006934705272096539
26150 0.0005331015914664201
26200 0.000582153257632056
26250 0.0007786570931136094
26300 0.0008429758635372869
26350 0.0006667756198055559
26400 0.0014996402517733912
26450 0.0006251528587695629
26500 0.0005521845927309786
26550 0.0006154305743523826
26600 0.0007305838979020236
26650 0.0005737738412343542
26700 0.0008070884641803872
26750 0.0008277864436352854
26800 0.0005616846164773398
26850 0.0005784674636789746
26900 0.0005381763163804333
26950 0.0006228087584789782
27000 0.000554458038998544
27050 0.0006208142545437833
27100 0.0017662230144453166
27150 0.0005976940797848683
27200 0.0006211337400346054
27250 0.0005907617664119292
27300 0.0009824163106407005
27350 0.000589144657974766
27400 0.0006063429817066612
27450 0.0005477294429229523
27500 0.0007004251670642896
27550 0.0005603722752428103
27600 0.0005521520150131039
27650 0.0006552052176123094
27700 0.0006181145801108581
27750 0.0005830763972997545
27800 0.0006154282635777192
27850 0.0006321620822055632
27900 0.0005394719531824792
27950 0.0006816817640936365
28000 0.0006129877400745608
28050 0.0006288693235493812
28100 0.0006236841215907288
28150 0.0005338442887420397
28200 0.0006856922217415977
28250 0.0005559077875458256
28300 0.0005779360939426374
28350 0.0005861672517427077
28400 0.0005240130207527418
28450 0.0005592356904707559
28500 0.0006677382699527592
28550 0.0005583950399027466
28600 0.0007257650524785124
28650 0.0012966819375065306
28700 0.0005293596655839579
28750 0.0006288310348241611
28800 0.00058632517921895
28850 0.0006253895749115702
28900 0.0005059950645147991
28950 0.0028509070359276135
29000 0.0005299774087101879
29050 0.0005254311676293643
29100 0.0005989728881188436
29150 0.0006492799587439336
29200 0.0005521326612022762
29250 0.000562458333603366
29300 0.0007120752919007471
29350 0.0006272396252843989
29400 0.0005161497561822382
29450 0.0005537013490307768
29500 0.0005064869395100534
29550 0.000526680289930284
29600 0.0005517518741355473
29650 0.0008472080276359365
29700 0.0005796178982384974
29750 0.0005421326878213019
29800 0.0005138325206853041
29850 0.0007165973657067491
29900 0.0007859449311531282
29950 0.0005806076054660921
30000 0.0005268594254689654
30050 0.00047387621111202004
30100 0.0005377252581646191
30150 0.0005192427435289221
30200 0.0005377717424921511
30250 0.0006149207315840667
30300 0.0004981340720054436
30350 0.0005647078136586872
30400 0.0005111674471717814
30450 0.0005191642723662653
30500 0.0004965465228455546
30550 0.0005235658706416488
30600 0.0005130926841244312
30650 0.00048602756602494007
30700 0.0005196835150382775
30750 0.000500021338741637
30800 0.0005639722978955613
30850 0.0005087797053667437
30900 0.0005136159039332244
30950 0.0005394260624323855
31000 0.0005544815071781308
31050 0.0004832531506973407
31100 0.0005615338869617663
31150 0.0004754611659111026
31200 0.0004956561371064938
31250 0.0006826930076392917
31300 0.0005088793116415571
31350 0.000579058225149308
31400 0.0005141483630313492
31450 0.000498608022323758
31500 0.0005436063135485711
31550 0.0006480086966594054
31600 0.0005395811399034181
31650 0.0005754903191674615
31700 0.00048368032729806
31750 0.0005154292534521404
31800 0.0005020979129473804
31850 0.0005514573207057338
31900 0.0005990600978189762
31950 0.0005246355242111894
32000 0.0005200035923097706
32050 0.0004905944659827225
32100 0.00045038627767952363
32150 0.0005380544312468983
32200 0.0005056085269671396
32250 0.0005540979995097298
32300 0.00045430476737497915
32350 0.0004878609806286433
32400 0.0005430059906919758
32450 0.000553714243591723
32500 0.0005169166840690025
32550 0.000443687511784623
32600 0.0005021727948262289
32650 0.0008280859740501598
32700 0.0008156876524946583
32750 0.000513677328206409
32800 0.0005224334333056169
32850 0.0005069226817386169
32900 0.00046165177792539656
32950 0.00044903596253859855
33000 0.0005692117213088682
33050 0.0006039517991690652
33100 0.0005510305685237915
33150 0.0006524781898576996
33200 0.0006276310139931565
33250 0.0004573542287773039
33300 0.0005146284024836519
33350 0.0005010213082106167
33400 0.00045676600189931696
33450 0.00045734216707395413
33500 0.0007683389881454188
33550 0.0006919680977443913
33600 0.0005409372298067085
33650 0.0004755324798951666
33700 0.0005121481730311183
33750 0.0004830409614475018
33800 0.00047932168906068796
33850 0.0004626164756916776
33900 0.0005743063752140739
33950 0.0005219104747507488
34000 0.0005298022961296079
34050 0.0005415898610678333
34100 0.000511270835038169
34150 0.0004813905354632836
34200 0.000695820199561742
34250 0.0004987250176439704
34300 0.00048743093927744625
34350 0.0007524457771205298
34400 0.0004414077277119484
34450 0.0005134500785673629
34500 0.00048115375239239443
34550 0.0008396810984338587
34600 0.0005740035265971231
34650 0.0005386178111381973
34700 0.0005093839414559366
34750 0.0006049533376368418
34800 0.00048415992133477823
34850 0.00045231615140241727
34900 0.00043797350439251173
34950 0.0004461960719138969
35000 0.0005397663962809903
35050 0.0004558806485515598
35100 0.00047015508687375015
35150 0.00045723207902582794
35200 0.00046434622159995673
35250 0.00046794116855412046
35300 0.00045622620147946685
35350 0.000458576747803714
35400 0.0005647124966455589
35450 0.0004872846182139352
35500 0.0005613645187873842
35550 0.00043932278736308274
35600 0.0004364657974354148
35650 0.0005520279488299075
35700 0.0005060513781434871
35750 0.0004884461405309825
35800 0.0004412793982724462
35850 0.0005321629686118776
35900 0.00047625133430973524
35950 0.00042713575214200974
36000 0.0004548543256303493
36050 0.0005029084986495595
36100 0.00041959287829345846
36150 0.00046808044942987716
36200 0.0005367248158357048
36250 0.0004822340947347802
36300 0.0004412474533717596
36350 0.0004434981668634319
36400 0.0004918959796973041
36450 0.0004284000339616135
36500 0.00045314097108366947
36550 0.0004486017231583698
36600 0.0004223081072964142
36650 0.0004432198742395366
36700 0.00044760503317112417
36750 0.0005351171738750063
36800 0.00042383802455181257
36850 0.0004676552202581382
36900 0.00047906067507281146
36950 0.0004432684261484981
37000 0.00045586355216954634
37050 0.0004854124884712556
37100 0.00046797478869433767
37150 0.0005757323526058549
37200 0.0004491929435433892
37250 0.00044897120211982597
37300 0.00045685973244948317
37350 0.0004594456470180367
37400 0.00042660394145286186
37450 0.00047923210256169607
37500 0.0004992683309975347
37550 0.0004443286472933579
37600 0.00044383804494711824
37650 0.0005035829657783713
37700 0.00048564246554140593
37750 0.0004221171707974936
37800 0.0005967236537818674
37850 0.0004187849885454345
37900 0.00043279393263185716
37950 0.00042961273579251346
38000 0.00043054139180566354
38050 0.0005065150206857944
38100 0.00043123439087381775
38150 0.00042169179539959035
38200 0.0004706983772178558
38250 0.0004092843243169868
38300 0.0004677580401902577
38350 0.00045741270355755784
38400 0.00056950304637629
38450 0.000428231007209276
38500 0.0004496931426164011
38550 0.0004933398058863273
38600 0.0004247544346036079
38650 0.0004508833451059701
38700 0.00039855116160321375
38750 0.0005500932835773349
38800 0.00042218313819790035
38850 0.0005393901914489707
38900 0.00042662891548862124
38950 0.000580844580117614
39000 0.00043567007525236183
39050 0.00042714398813972337
39100 0.0004108852428957144
39150 0.0004765040473344961
39200 0.00048637750933462273
39250 0.0004564585408980189
39300 0.0005260618205341753
39350 0.0004295716080176057
39400 0.0004056909863623785
39450 0.0004833094500635391
39500 0.00046340248134790464
39550 0.0005925121334550757
39600 0.000449726544248712
39650 0.0004140831862554391
39700 0.000535683811370045
39750 0.0004569515886642797
39800 0.00046457911425724956
39850 0.0006394427524852322
39900 0.0003963750604793049
39950 0.00040066217389293074
40000 0.0004965660841261012
40050 0.0004042322624187117
40100 0.00046239212363272976
40150 0.0003929896267136799
40200 0.00039782774175894795
40250 0.0004613725307872722
40300 0.0004153656719015719
40350 0.0004243894638507879
40400 0.0004098060197400663
40450 0.00040287371325838306
40500 0.00040956885899241335
40550 0.00041036728795697567
40600 0.0004002930948622055
40650 0.0004593189986049239
40700 0.0004092180361253569
40750 0.00045089307393823645
40800 0.00043232130343006135
40850 0.00039372286684007774
40900 0.0004621285961956438
40950 0.00041607490253520185
41000 0.0004765245817345105
41050 0.0004163524468887251
41100 0.0003980078073231947
41150 0.0004172884741142596
41200 0.0003959407925748659
41250 0.0004964078406208826
41300 0.0004044093773971051
41350 0.00039786099613900255
41400 0.00040758752806322596
41450 0.0004982433868445977
41500 0.0004608877582403713
41550 0.00047132223341411886
41600 0.0004943771590053299
41650 0.0005059473631700604
41700 0.0005395287659699564
41750 0.00039548944788013457
41800 0.00046720859552596257
41850 0.0004159306923186426
41900 0.0003811054570955735
41950 0.00044624650170649245
42000 0.0004434399111152431
42050 0.0004318983801963853
42100 0.0004939047116912102
42150 0.00038178312286364896
42200 0.0004219800663009533
42250 0.0004132718960392685
42300 0.00041426146934677105
42350 0.0003762210174457247
42400 0.0004927920175941687
42450 0.0004014766755908381
42500 0.0004116189714395135
42550 0.0004080852073978275
42600 0.0003683044865872868
42650 0.0003833591664109031
42700 0.00038945015188056624
42750 0.000420053914968595
42800 0.0003890889353590013
42850 0.0004077191810846682
42900 0.00045184744061124607
42950 0.0005077406888203621
43000 0.0004029734699716173
43050 0.00043219585053193207
43100 0.00048297039293605695
43150 0.00037970552355014354
43200 0.0004186107811803458
43250 0.00041878434136982293
43300 0.0004520985672093646
43350 0.0004972626280644707
43400 0.0003763888154651222
43450 0.00037976477825952176
43500 0.00037151825341857355
43550 0.00040525746044100966
43600 0.0004987352657311599
43650 0.00040054711785398537
43700 0.0004054189464677428
43750 0.0004101709966013433
43800 0.00041552342622776624
43850 0.0003822027913917523
43900 0.0003811141008717483
43950 0.00041856623339944624
44000 0.00040131242040580194
44050 0.00045041583694191
44100 0.00039128535918116626
44150 0.00039086844192009855
44200 0.00043545364472136314
44250 0.000394951853417252
44300 0.00048493612839775856
44350 0.0003679748907078496
44400 0.0005014924739640746
44450 0.0003683303714838718
44500 0.00041428810592662187
44550 0.000398728789252183
44600 0.0003810115154312725
44650 0.00040769435253133345
44700 0.0004430339174350816
44750 0.0003872155245993811
44800 0.00045503270134403186
44850 0.00037903558991811225
44900 0.000414599647011209
44950 0.0004024874164968878
45000 0.0003864692694597265
45050 0.00039871154730024234
45100 0.0003970127458386851
45150 0.0005047801198513849
45200 0.0003752184182106727
45250 0.0003496573233814842
45300 0.000378713214202509
45350 0.00043150397579011393
45400 0.0004690630567663968
45450 0.0003941696138638589
45500 0.0003740729947856213
45550 0.0003905709651938961
45600 0.00037178755069380755
45650 0.0004028518789922514
45700 0.00035202591342163765
45750 0.00037827937075358476
45800 0.0003622368869641707
45850 0.00041109262744563435
45900 0.00038097881464971484
45950 0.00036350439906173424
46000 0.00044997550647065646
46050 0.00040993721947804585
46100 0.00038472704862268256
46150 0.00037441668721363574
46200 0.00045463038250077907
46250 0.00036988402194956663
46300 0.0004269143800636428
46350 0.0004856630160842753
46400 0.0003703363366228451
46450 0.00038499511508302385
46500 0.00038763962621535063
46550 0.00038418265334275886
46600 0.00037994897850727696
46650 0.0004274198246090907
46700 0.00040012765802357884
46750 0.00038987218830449004
46800 0.00039999095536883084
46850 0.00037788520733603566
46900 0.0003792959397834346
46950 0.00041471304309530005
47000 0.00037680653467472787
47050 0.00037493184424970417
47100 0.0003819556441751688
47150 0.0003601803489174537
47200 0.0003669354594968178
47250 0.0003789347389662394
47300 0.000366653968457135
47350 0.00040301708305399004
47400 0.00035489447831019865
47450 0.000358932738697079
47500 0.00039388014766718836
47550 0.0003975016507817244
47600 0.0004036162341864866
47650 0.00036058517241083774
47700 0.0003912247784841949
47750 0.00036011459326546055
47800 0.00038156920951440756
47850 0.00043177479640556693
47900 0.0003713108744617186
47950 0.00036181674088777295
48000 0.00035250953696860417
48050 0.0003650697302124188
48100 0.00040239183801053444
48150 0.0003725392708470712
48200 0.00035228102474645675
48250 0.0003687854053830514
48300 0.0003702170736360566
48350 0.00048129116239915745
48400 0.0003646639058981647
48450 0.0003781104412721044
48500 0.00035958491660687035
48550 0.00047766356097205627
48600 0.00042390529170548
48650 0.0003818934999825099
48700 0.0003638571387870676
48750 0.0003770915989729
48800 0.00042456480834243134
48850 0.00037428238381573904
48900 0.00038336681398804787
48950 0.0003534538241736667
49000 0.00039122248920517137
49050 0.0003605467519294405
49100 0.00038988461482378646
49150 0.000348250797084903
49200 0.00032971601988109804
49250 0.00037093319951648975
49300 0.00036316834445401336
49350 0.0003559438164127589
49400 0.0003505244335554886
49450 0.0003598288189465937
49500 0.00036838300059307926
49550 0.0003695987870824845
49600 0.0004768289347031326
49650 0.0003680542934191977
49700 0.0003613580253611338
49750 0.0003422675269731971
49800 0.0004022934277404059
49850 0.000351197857530834
49900 0.00036688377081492434
49950 0.00034708283448775003
50000 0.0004259318111597022
