50 0.9909943751937875
100 0.9821001811933388
150 0.9526346207976555
200 0.6771049409064012
250 0.17015542795393168
300 0.09518562084814727
350 0.09073349047293476
400 0.058182089764576596
450 0.04444216167739634
500 0.09338680747562939
550 0.03805246227283369
600 0.03877586837127129
650 0.03611446215734534
700 0.06752098919844032
750 0.02846024816719668
800 0.02687028491502411
850 0.06767501364647983
900 0.028505108167092515
950 0.022209390114964922
1000 0.017952830561728684
1050 0.03175033450291775
1100 0.021156776164919486
1150 0.018467018005180524
1200 0.045935860847324414
1250 0.02062547634807633
1300 0.017500460899195387
1350 0.051764356770780624
1400 0.017484345659021846
1450 0.05299185806970374
1500 0.029612450941564672
1550 0.02939195525716076
1600 0.017058427299143607
1650 0.0366043195465057
1700 0.012779699462770858
1750 0.1379777144385476
1800 0.01668469682806916
1850 0.014212867495126126
1900 0.009607187042281556
1950 0.011083815785785552
2000 0.009801590678617583
2050 0.009126473951580456
2100 0.008291327851965638
2150 0.020278525139381342
2200 0.009910671915600392
2250 0.010592010558911883
2300 0.007931557787493623
2350 0.010961262988472628
2400 0.009083788772284744
2450 0.014565735721312435
2500 0.048692068869271125
2550 0.007411235868461969
2600 0.0060479091573050784
2650 0.03757644264875786
2700 0.007442634480702233
2750 0.005097234376932393
2800 0.025036513511637437
2850 0.005158951877245171
2900 0.006206443351033784
2950 0.03300830691455813
3000 0.011423061638562161
3050 0.0046325889982774164
3100 0.034896870091984826
3150 0.006225560846556454
3200 0.00387075877861597
3250 0.006597496916300835
3300 0.008054844067666782
3350 0.006095865296180909
3400 0.07280110753069845
3450 0.00873087964061876
3500 0.004768654990409525
3550 0.003890442679099662
3600 0.004573170019582117
3650 0.007786700068678684
3700 0.0061329544498181735
3750 0.005909854609170446
3800 0.03601703019614744
3850 0.003712877446720516
3900 0.021993425202100587
3950 0.009533624080915348
4000 0.003657944034047298
4050 0.004705310829253625
4100 0.003415377697682309
4150 0.005611469027543323
4200 0.004827695476151355
4250 0.00612691420117826
4300 0.007463886732726377
4350 0.003362270387931067
4400 0.0066961675372322945
4450 0.015865854876115644
4500 0.004199760636144016
4550 0.004234536598460391
4600 0.003999367381083181
4650 0.00306979298206175
4700 0.0034028180228898143
4750 0.0037029761117763965
4800 0.009878682284572383
4850 0.003071566958829983
4900 0.0036166535109084423
4950 0.005396088079459898
5000 0.0028698057120805868
5050 0.0027930412453620033
5100 0.002770066865953263
5150 0.0030016864546828156
5200 0.0028476586671892967
5250 0.0025542650259312394
5300 0.002841757641243671
5350 0.003021106634894271
5400 0.0024436512068470293
5450 0.002846493298214167
5500 0.0028118494553689825
5550 0.0022934592204886307
5600 0.0030607480554771947
5650 0.003341666156557744
5700 0.002237294334756586
5750 0.002107747764747015
5800 0.0026632350012100966
5850 0.002175821826131299
5900 0.002325167181013967
5950 0.002612759901575111
6000 0.0021673423619305862
6050 0.0030140444435709686
6100 0.0018970632290347736
6150 0.002068803465616445
6200 0.001980781120075717
6250 0.0024632693430146012
6300 0.004176398695199396
6350 0.0021319980272758326
6400 0.006834287932144785
6450 0.002702703780447194
6500 0.0045097564539360625
6550 0.013758541904185373
6600 0.002097728641278807
6650 0.002455168291788076
6700 0.0020849986711906506
6750 0.0055034454790019414
6800 0.001731493701952842
6850 0.002062821561931414
6900 0.00984057738774118
6950 0.005203974497973404
7000 0.0023423132854233724
7050 0.0027249059898479954
7100 0.026189420950571526
7150 0.0018268842160033317
7200 0.003166382973506376
7250 0.004340439535987619
7300 0.0017754442163735423
7350 0.00181049061622566
7400 0.01276483968651771
7450 0.001659387801907788
7500 0.0020769733236481185
7550 0.002158756590525135
7600 0.003141690072633157
7650 0.003151918229133309
7700 0.0016723953537751053
7750 0.003000331191337171
7800 0.0019363740690950043
7850 0.005854754188162944
7900 0.0016166085195608317
7950 0.0017344668457161118
8000 0.0026952967536904523
8050 0.0021601510027987733
8100 0.0015676288618024503
8150 0.0060744417104593215
8200 0.00281161021276742
8250 0.0019627126195734578
8300 0.0017716367515495854
8350 0.0018405181829973605
8400 0.0018310747694175742
8450 0.00418116949541871
8500 0.008541498526135645
8550 0.007599871615268333
8600 0.0022739136620447925
8650 0.002089980182631985
8700 0.007187037041926443
8750 0.0016425448931444869
8800 0.0026216459510124673
8850 0.0016222820680127994
8900 0.002683926892369869
8950 0.0017564863298154551
9000 0.003038560692926879
9050 0.002373255248935902
9100 0.0014300173303495606
9150 0.001538555415759578
9200 0.005680049554009648
9250 0.010877121114382108
9300 0.002878892338430738
9350 0.0015829034054433387
9400 0.02685587051461081
9450 0.0017936659687527502
9500 0.0013040096169821367
9550 0.0020513671385170196
9600 0.0021338111980704058
9650 0.0029666371368603163
9700 0.0014577797283082468
9750 0.006168087544894701
9800 0.006386140065907433
9850 0.0019385600695403637
9900 0.012279802911513876
9950 0.0025554062104573777
10000 0.008110610253429384
10050 0.0014296045040341763
10100 0.0014151632879331715
10150 0.0012792340816918154
10200 0.0013560327324290682
10250 0.0015291290100847735
10300 0.0012661303576921475
10350 0.0017767876734093684
10400 0.0015264167876089326
10450 0.0012120505390249441
10500 0.0014365173243860458
10550 0.0012516171798401148
10600 0.001175750521482948
10650 0.001108494239978645
10700 0.0012844771409542975
10750 0.0011255684932108664
10800 0.001126845425692036
10850 0.002444178192149433
10900 0.0011120913164034125
10950 0.0011658217531946829
11000 0.001166426409185657
11050 0.0014521554433499608
11100 0.001062423993179249
11150 0.0014108495625981007
11200 0.001037835533538993
11250 0.0012488909320251343
11300 0.001012965081559146
11350 0.003146563746777051
11400 0.001617651837542303
11450 0.0013072694938854451
11500 0.004629928296021496
11550 0.0010661913106367008
11600 0.0011652716539536153
11650 0.0027228068393275666
11700 0.0010022438142009203
11750 0.0010472240319127394
11800 0.0020599862803892545
11850 0.0010554343893465637
11900 0.0013694306957472164
11950 0.014855524514517429
12000 0.0014211982917046262
12050 0.0010974679222450353
12100 0.0009341787252851322
12150 0.007041312140059469
12200 0.0012678908801418106
12250 0.0014319285119079996
12300 0.0035557505052974344
12350 0.0026795564574534332
12400 0.0009846540668475273
12450 0.0011311575009593882
12500 0.0011506311822019654
12550 0.0009556736045301768
12600 0.0009708716119913854
12650 0.0008944722394243824
12700 0.0022937172079852287
12750 0.0009313156838863002
12800 0.0011439237240975825
12850 0.003288416163455126
12900 0.0010825048955231875
12950 0.0009083181729678704
13000 0.0012391398841058378
13050 0.001203996045648475
13100 0.0010248058912556166
13150 0.000921762207176145
13200 0.0011879560804154985
13250 0.0014075484330252246
13300 0.0009769779283387737
13350 0.0009696041360171205
13400 0.0011634284979908118
13450 0.0013786694800348184
13500 0.001025739681402756
13550 0.0025864637362597257
13600 0.0008933318676027838
13650 0.001047264671668832
13700 0.0008961962529534318
13750 0.0008137463637010818
13800 0.0008973491092974107
13850 0.001531083008673761
13900 0.0008201079548713076
13950 0.0008925549088875618
14000 0.004019854126369151
14050 0.0012998717285799247
14100 0.008657261093580013
14150 0.0013616761461554844
14200 0.0008264691961722942
14250 0.0008548953316865967
14300 0.0008170813529550207
14350 0.010474303553461852
14400 0.0013408714722396328
14450 0.0009521980837526009
14500 0.0013423014503082173
14550 0.0016403686563502594
14600 0.0016252012227451172
14650 0.0009064005480695834
14700 0.0011410755223578786
14750 0.009523667011187724
14800 0.0008057016690271592
14850 0.0015125471384276746
14900 0.000795863565593274
14950 0.0013339907378376685
15000 0.003529933105764571
15050 0.00103985820705832
15100 0.0009874364692307603
15150 0.0009853831188907198
15200 0.0009847365344249114
15250 0.0007715110312385559
15300 0.0009601374242032914
15350 0.0012631986192071466
15400 0.0007733515978816402
15450 0.0007792765809683967
15500 0.0010592837778306268
15550 0.0010276181177361694
15600 0.0009044002399326242
15650 0.0009485052088199266
15700 0.0007479069224750114
15750 0.0007767354101861267
15800 0.000952607243918881
15850 0.0008573133343019692
15900 0.0007031104945533577
15950 0.0008673042495585045
16000 0.0009252010615984893
16050 0.0013556281889184946
16100 0.0011934867205901757
16150 0.0009709713269488837
16200 0.0008898747758864666
16250 0.0006966449224308003
16300 0.0007986654929471824
16350 0.004234463478853816
16400 0.0008227565485706072
16450 0.0008703777161308069
16500 0.0027426321702496174
16550 0.0014098439827679298
16600 0.0010832930637196775
16650 0.007520152052839937
16700 0.0016959395016829958
16750 0.001068807808449322
16800 0.0009086410508045321
16850 0.0018237496599978645
16900 0.0007184109522395712
16950 0.002290319601701172
17000 0.0007649536664580738
17050 0.0010259824403715389
17100 0.0008436366673688232
17150 0.001897484649304855
17200 0.0008524491662370527
17250 0.0009917493447201605
17300 0.0008877227391059136
17350 0.0006502999856329006
17400 0.0006396170992208623
17450 0.0007131928442946412
17500 0.0042941759824139
17550 0.0006870323823263333
17600 0.002052967821031368
17650 0.0009384982211993166
17700 0.0010434178395751365
17750 0.004907087879085462
17800 0.0011887861188206795
17850 0.0018141542750346408
17900 0.0007897300941905635
17950 0.000619105842613499
18000 0.0029085025606542052
18050 0.0008822606027687523
18100 0.000671746965666758
18150 0.0019403429288697793
18200 0.0007414573388790335
18250 0.0009247543903781756
18300 0.0008729833632493088
18350 0.0013825901899969936
18400 0.0019132945431467431
18450 0.000726193693214489
18500 0.0009638879245938301
18550 0.0006600154528639738
18600 0.0009924795369649687
18650 0.0007330981747585553
18700 0.0005605913257023396
18750 0.0007790995115149152
18800 0.0020608260185878582
18850 0.0006749933409278461
18900 0.0010312742661987152
18950 0.000830449116649519
19000 0.0006392811104063433
19050 0.000568236718157916
19100 0.0013218149163553095
19150 0.0006213016639079885
19200 0.0008151260783243137
19250 0.011557715082967535
19300 0.0006587404494422575
19350 0.0005912971440182622
19400 0.0005897612340110656
19450 0.0009853662165021418
19500 0.0010241786572589304
19550 0.0006797470618980707
19600 0.0007366710617579215
19650 0.0007680020815618488
19700 0.0025013859409453113
19750 0.0007667784337989437
19800 0.0023396236054392654
19850 0.002276813932673567
19900 0.000838435657272704
19950 0.0009556852983497925
20000 0.001503274396223363
20050 0.0005880754284236871
20100 0.0005516735187261053
20150 0.0006167190581659613
20200 0.0005576191243481485
20250 0.0006500487269986737
20300 0.0006402629556032033
20350 0.0006324782290691103
20400 0.0005441147283153058
20450 0.0005658434496697434
20500 0.0005265149363416568
20550 0.0006216180296322047
20600 0.0005652066004262372
20650 0.0005659872353522994
20700 0.0005569886389615983
20750 0.0005854610595415337
20800 0.0005832360708257846
20850 0.0006986241047980587
20900 0.0006104062991686225
20950 0.0005981326726942732
21000 0.0005448232184391261
21050 0.000580391153925296
21100 0.0008405093359962225
21150 0.000549708879400957
21200 0.000578396402896848
21250 0.0006523514499719319
21300 0.000985605963935283
21350 0.0008222609872103935
21400 0.0005041853781730482
21450 0.0008239218206289218
21500 0.0005518510457546318
21550 0.0005754973043118393
21600 0.0009672337028737611
21650 0.0011494832293455002
21700 0.0007657948417419524
21750 0.0006674957595464108
21800 0.0008672832658180525
21850 0.0006045008926289289
21900 0.0005168448878901541
21950 0.0005772673075104498
22000 0.0005039720419655534
22050 0.0005858607983417432
22100 0.0007386412289364893
22150 0.0005553734870913301
22200 0.001239712901744514
22250 0.0007595907201592678
22300 0.0005436614182494883
22350 0.0005335518071196183
22400 0.0007068245949877482
22450 0.003902622887273816
22500 0.0008048796413591939
22550 0.0005131777089386117
22600 0.0005862586047399538
22650 0.0008845221369390421
22700 0.0007771521507681144
22750 0.0006879033537874211
22800 0.00046631557175128165
22850 0.0008460441775327335
22900 0.0005658668069695764
22950 0.0006161957642370831
23000 0.0011985949866644057
23050 0.0012646885354674993
23100 0.002569071906308278
23150 0.0005941422524015171
23200 0.0005243155919804422
23250 0.0008478901916304482
23300 0.0005158853304716301
23350 0.0022160805721122166
23400 0.0017923657258376105
23450 0.0005062307015955205
23500 0.0007182865081645644
23550 0.0021515884954685463
23600 0.0004935982846291588
23650 0.000637876330855368
23700 0.0005560823727535643
23750 0.0006229250194023843
23800 0.000598295865552155
23850 0.00047521877314444757
23900 0.00047146655600489537
23950 0.0009532756527259011
24000 0.0020197418205330163
24050 0.0006035811957592885
24100 0.0013129851028401442
24150 0.0010237259641194144
24200 0.0005108311406284337
24250 0.0007391493695893108
24300 0.0007743518966728546
24350 0.0004819380655648579
24400 0.000778640583475926
24450 0.0005749371447684147
24500 0.0006130766578535069
24550 0.004092081392182025
24600 0.0006847546155988005
24650 0.0008132252314620833
24700 0.001469874942205736
24750 0.0006050690383156931
24800 0.0008257759028457718
24850 0.0004875439112137825
24900 0.0008388200509432855
24950 0.0007211187345807657
25000 0.004554375352357456
25050 0.0006042124455670373
25100 0.0004545702394792614
25150 0.0004646776453402264
25200 0.0006396756291917634
25250 0.0004563607366922389
25300 0.0006434710228952785
25350 0.0005179557267657825
25400 0.00046880072108121325
25450 0.0006342314954651957
25500 0.00046412454109017067
25550 0.00046506326647712264
25600 0.00046038924917977134
25650 0.00048644910203551265
25700 0.00047589393215564355
25750 0.0004695413059920127
25800 0.00046750193283568895
25850 0.0004543951720045574
25900 0.0004795855848878196
25950 0.0004547287156817148
26000 0.0007141458900923298
26050 0.0005168000895480342
26100 0.0004444221242893371
26150 0.000497139942536346
26200 0.0004824918554406642
26250 0.0006982163600472196
26300 0.000737951058191866
26350 0.0005490130596827747
26400 0.0006057088019595445
26450 0.0005232237761028804
26500 0.0004836797132048027
26550 0.0005061871887708964
26600 0.00046036897947964264
26650 0.0007379281660039996
26700 0.0005138403605132726
26750 0.001246476537738842
26800 0.0005256637982168647
26850 0.0005797854805462617
26900 0.00048749052590956127
26950 0.0005697858253344309
27000 0.0006035602313570311
27050 0.0006055569811173024
27100 0.0008834438393355803
27150 0.0005442952021957879
27200 0.0016332218503809564
27250 0.00042434212491194035
27300 0.00046553849740956296
27350 0.0006233334198049448
27400 0.0004138118853391846
27450 0.0004311319309194028
27500 0.0006151663462438269
27550 0.0004163725412746373
27600 0.0006307339859341195
27650 0.000488049743412571
27700 0.001632123714802771
27750 0.0005593812000739704
27800 0.000620190193578866
27850 0.0008833726482247964
27900 0.00043981105688786407
27950 0.0007041843353002507
28000 0.0007851090044577875
28050 0.00047139469449451434
28100 0.0006821004363770416
28150 0.00043486585112220444
28200 0.000521672128420839
28250 0.0006422346182840057
28300 0.0005472865071850645
28350 0.0006450665064198073
28400 0.0004362560533365531
28450 0.0023883626233739234
28500 0.00048126151257036633
28550 0.00046691349558722876
28600 0.00044027961206561517
28650 0.0008783653970899538
28700 0.000502735007267551
28750 0.000536852347728096
28800 0.0004599565593502359
28850 0.00044603419481609174
28900 0.0004101002768863924
28950 0.0005067626829727409
29000 0.0008495558692848659
29050 0.0006145393990424649
29100 0.0004371114522366831
29150 0.0005506963596164647
29200 0.00040769277720306934
29250 0.0004141075451501154
29300 0.00056296715027403
29350 0.0005060051834551814
29400 0.0005328744181038437
29450 0.00046038812447232307
29500 0.0010997221534306341
29550 0.00044770731018211875
29600 0.0008077824300496475
29650 0.0005601451235080658
29700 0.0004476074564325514
29750 0.0005664716311013827
29800 0.0005785381598205335
29850 0.0013727501870110692
29900 0.0005100187039845491
29950 0.0004727037227931745
30000 0.0007709480250862614
30050 0.0004321920525944631
30100 0.00040388746101563486
30150 0.00042203512052084306
30200 0.0003898717024534093
30250 0.00039221134334449525
30300 0.00048653028261702396
30350 0.0004618529684818465
30400 0.0005040125611955495
30450 0.0006742587129724791
30500 0.00040582768949045013
30550 0.0004406067583892271
30600 0.00045238438557580453
30650 0.000398218700772825
30700 0.00042727337344761695
30750 0.0005974480802077265
30800 0.0004090700564216047
30850 0.00040706950122480366
30900 0.0004036640579680901
30950 0.0004143157647300187
31000 0.0004065354433351957
31050 0.0005075891610731811
31100 0.00041048729512380985
31150 0.0004338533710726425
31200 0.0004393977801615255
31250 0.0003944921511229659
31300 0.0005586366372664574
31350 0.0004293491169684228
31400 0.0006668259587918199
31450 0.00040738054933818095
31500 0.0004424711186803737
31550 0.0004026039534462551
31600 0.0006390708785143471
31650 0.0008579222871621587
31700 0.00043327215950161836
31750 0.0006089610147130743
31800 0.00047169855656639697
31850 0.00039041539529369087
31900 0.0003975935534286863
31950 0.0004229138551826468
32000 0.0005201215821873502
32050 0.0004083605387254306
32100 0.00046756621901482065
32150 0.0004668032616501071
32200 0.0003900903297772851
32250 0.0009687299911989292
32300 0.00045295736445417325
32350 0.0007891638681429106
32400 0.0004561429595990336
32450 0.0006373421186945302
32500 0.00038670807213694587
32550 0.000489416979156396
32600 0.0005282179941325862
32650 0.00039465560323255006
32700 0.0004460239227370024
32750 0.000458259218317375
32800 0.00038516166856728586
32850 0.0004112486954475176
32900 0.0004749380080311628
32950 0.0005533817738715607
33000 0.00041589767033704497
33050 0.00037779937630021446
33100 0.000401688167563413
33150 0.0005002617430081902
33200 0.0006080871190205657
33250 0.0005144881530636592
33300 0.0006553646895396865
33350 0.00047889894313337506
33400 0.0014554482811381534
33450 0.0004095156833465604
33500 0.0003714581456461439
33550 0.0004185775162938368
33600 0.0003790527459479715
33650 0.00038849615548474894
33700 0.0005063282818375025
33750 0.0004110444616563616
33800 0.0004850188385198309
33850 0.0004541089697382363
33900 0.00039586467810305234
33950 0.0003824775030395108
34000 0.00036155614762881593
34050 0.0006270806833729542
34100 0.0004590771368571459
34150 0.0004170317844766662
34200 0.0006440703558449411
34250 0.00073933758479566
34300 0.00039640126932035416
34350 0.00038057425893075434
34400 0.0003757916791015142
34450 0.0006872269072392654
34500 0.0004669291546664607
34550 0.00046571312355200633
34600 0.0004190386204279813
34650 0.0004997731540382767
34700 0.0004041021310548985
34750 0.0006168262783902565
34800 0.0003534818438796005
34850 0.0003990905635023084
34900 0.00037602469992739944
34950 0.0003931211758256758
35000 0.0005698325018205936
35050 0.0003769520762200211
35100 0.0003700431145328493
35150 0.00038066007683289406
35200 0.0003653376360309845
35250 0.0004446517242918222
35300 0.00040117597069998153
35350 0.00035371880302888866
35400 0.00047469331747801777
35450 0.0003724126803479746
35500 0.0004051294257640284
35550 0.00045021553600368416
35600 0.00039859959926215696
35650 0.00045892577027416916
35700 0.0003634984109545798
35750 0.00038333980967567884
35800 0.0004618593007838694
35850 0.0003938283663214368
35900 0.0004023089225431359
35950 0.00043287586393472204
36000 0.000389706733168583
36050 0.00041282615011602934
36100 0.00037421209202216486
36150 0.00048446375196387574
36200 0.0005217715493019831
36250 0.0004754371489823252
36300 0.0004024322487717387
36350 0.0003674140053965973
36400 0.00037104255127469113
36450 0.0004833285923362589
36500 0.0004466417532546691
36550 0.0003969680774995491
36600 0.00035397120091664553
36650 0.00044405816575590157
36700 0.00038750547793674136
36750 0.0003902867920272951
36800 0.0004146725742620917
36850 0.00039827443836253686
36900 0.00037307272992080507
36950 0.0004182899420457574
37000 0.00043480448168072553
37050 0.0003712717751864593
37100 0.0003788210257576302
37150 0.0003793054842338849
37200 0.0004031162175454826
37250 0.0003785067798665704
37300 0.00048765542716482205
37350 0.000423186612820283
37400 0.0003847999644646122
37450 0.0004442806060420112
37500 0.0003717655715757328
37550 0.00048103551883381737
37600 0.00044473329293574375
37650 0.0003486031993270915
37700 0.00041857297659793173
37750 0.00035424869788967735
37800 0.000539764770233352
37850 0.00046293300085684607
37900 0.00046905411546397074
37950 0.00036273171839514375
38000 0.00036893081813718274
38050 0.00037191488428932627
38100 0.00047542906856935216
38150 0.000353907145914775
38200 0.0003539482699081979
38250 0.0004089620679506256
38300 0.0003784591460894698
38350 0.0005044533361169114
38400 0.0004094234674542712
38450 0.00038968116463535316
38500 0.0003829684173605982
38550 0.00047833971623821434
38600 0.0004180489066445833
38650 0.000419223186807262
38700 0.0005884435923269371
38750 0.00034906951258280923
38800 0.0004233220803362988
38850 0.000504431600862862
38900 0.0004291484608059466
38950 0.00034761329380882236
39000 0.0003644281944350058
39050 0.00034724888660974036
39100 0.0004157894879336698
39150 0.00036988147225660244
39200 0.0003355475971050615
39250 0.00046102472386476656
39300 0.00034630817144139567
39350 0.00039222959265104777
39400 0.0003717129637102129
39450 0.0003384415645085297
39500 0.00036626959112614685
39550 0.0003697321089564377
39600 0.0003501038130968322
39650 0.0003558288159033919
39700 0.00036077450076764817
39750 0.00033739354844449784
39800 0.000485759589252662
39850 0.0003469617530380604
39900 0.0003781189665941674
39950 0.0003483890333394978
40000 0.00034023486914543273
40050 0.000349683515532949
40100 0.00033339735998182406
40150 0.0004200119656034738
40200 0.00037716501438028017
40250 0.000362060116259917
40300 0.0004411574847446619
40350 0.0005332341377913062
40400 0.0004149346332524441
40450 0.0003663742143767059
40500 0.0003575589794839264
40550 0.0003552061711947899
40600 0.00032335523891671453
40650 0.00036314960273949574
40700 0.00032257970488685687
40750 0.000444888266102366
40800 0.0003508171744858355
40850 0.0004079629636259893
40900 0.0003590505067753635
40950 0.0003848035402735951
41000 0.00048379509025600804
41050 0.00034718756144066506
41100 0.00031828482222521375
41150 0.00036332682562442123
41200 0.0003482803964870116
41250 0.00043433715929100207
41300 0.00032255578734617174
41350 0.0004088872588034898
41400 0.0003454234264778987
41450 0.0004246559648713587
41500 0.0003472120273335453
41550 0.00031935273454641606
41600 0.0003790156419012916
41650 0.00038856376044028515
41700 0.000400490674540146
41750 0.0003495576136225044
41800 0.00032513696967328336
41850 0.00033088984499769764
41900 0.00037407739167425293
41950 0.00043756168241515525
42000 0.0003411136453775622
42050 0.0004350795282717985
42100 0.00034515935037516345
42150 0.0003448056885728592
42200 0.0003881682147180013
42250 0.00035076916436185005
42300 0.0003293340181844113
42350 0.00032527390088712667
42400 0.0003387710028864073
42450 0.00032829042010168815
42500 0.0003795663505183462
42550 0.0003533039004416059
42600 0.0003428348740905254
42650 0.0003563596323135947
42700 0.0003491881684476542
42750 0.0003272405034532082
42800 0.00035698096422941464
42850 0.0003285033167854119
42900 0.0003362006210645753
42950 0.00039890307668903906
43000 0.00040343871365409794
43050 0.0003443369943528166
43100 0.00033306238362577336
43150 0.0003342105206761144
43200 0.0003199139263432458
43250 0.0003642944977600546
43300 0.0004097608944334575
43350 0.0003549328138853942
43400 0.00033040750761451315
43450 0.0003880457260370968
43500 0.0003405561104847527
43550 0.00038748250358971846
43600 0.00033894491054860173
43650 0.0003429764018780327
43700 0.0003738058126005215
43750 0.00033514154172792024
43800 0.0003545929480095802
43850 0.0003306394917365495
43900 0.00036140493009198396
43950 0.0003302836430831511
44000 0.000476676239324134
44050 0.0003821693644750633
44100 0.0004966831957293889
44150 0.00034649755382912186
44200 0.0003262558277677172
44250 0.000341298355320677
44300 0.00033811547687161375
44350 0.000343784948670629
44400 0.00031890897194145507
44450 0.00034353919367968044
44500 0.00037514277023504775
44550 0.0003702857095989134
44600 0.0003253656370430743
44650 0.00033273130148234154
44700 0.0003363559450988369
44750 0.00033830909568156094
44800 0.00032042965671722623
44850 0.000323903907587967
44900 0.000373481988899362
44950 0.0003233227689411311
45000 0.00031594186957298407
45050 0.0003423400075808777
45100 0.00033219133459332816
45150 0.0003203889842034213
45200 0.0003390613694580847
45250 0.00031371289595209654
45300 0.0003401659739923718
45350 0.0003682459755479444
45400 0.00031178023319965615
45450 0.00037772089623383905
45500 0.0003387605228347453
45550 0.0003120846125737392
45600 0.00033266754622436975
45650 0.0003253152318325258
45700 0.00032979666422328335
45750 0.00046013497032054744
45800 0.00031033654135602135
45850 0.00030733016668793264
45900 0.00033139465374879657
45950 0.0003550032677521577
46000 0.00031332047068220986
46050 0.0003160715242502255
46100 0.0003227132415420719
46150 0.00032911025126802074
46200 0.000319596761131915
46250 0.00033907617004700946
46300 0.0004023431745081939
46350 0.0003111316514156459
46400 0.0003253687726151792
46450 0.00036975356029272206
46500 0.00032324029122174515
46550 0.00034929108173845726
46600 0.0003142258796311451
46650 0.00031599428264647014
46700 0.00036026627670422484
46750 0.0003242710727316701
46800 0.00036857614195217545
46850 0.00031922506429459034
46900 0.0003661087410689831
46950 0.000350662517624359
47000 0.000322659152912587
47050 0.00032579190426241297
47100 0.0004080813879604781
47150 0.00033096157179447386
47200 0.00031189437928370574
47250 0.00030991819105340005
47300 0.0003678360483766708
47350 0.00031233261269957523
47400 0.00031788895221512755
47450 0.00038957320317267377
47500 0.00031293193884820037
47550 0.00031348248598479534
47600 0.0003744718077575613
47650 0.00036193681762198806
47700 0.0003089890248261438
47750 0.00032584127315950305
47800 0.0003808547912258028
47850 0.00032703102188787577
47900 0.00033016696704659483
47950 0.00033734812258666874
48000 0.0003470142970981138
48050 0.00033072375541249677
48100 0.00032991756475674115
48150 0.0003453009275368238
48200 0.00031202283216834835
48250 0.0003416418181654604
48300 0.0003969375545530053
48350 0.0003646918015717341
48400 0.0003144760436239518
48450 0.00038879863400028856
48500 0.0003102896092292369
48550 0.00029735141820310534
48600 0.0003723086136192307
48650 0.0003185179899440031
48700 0.00032660984335104677
48750 0.00034817530887206035
48800 0.00031985299187531027
48850 0.0003133935467697165
48900 0.00033247338945955327
48950 0.0003827787998372062
49000 0.0002987356786188018
49050 0.0003290042787095488
49100 0.00033419744931684377
49150 0.00031853996610276474
49200 0.00033273010552404924
49250 0.00036523030334849533
49300 0.00033660108216227347
49350 0.00030228623941950253
49400 0.0003596424362656706
49450 0.0003269448794104629
49500 0.0003070563251915469
49550 0.00030940593650550147
49600 0.00031561769975233244
49650 0.0003174142034689031
49700 0.0003210993370830621
49750 0.00032213115039700943
49800 0.0003793732256722918
49850 0.0003103457928744666
49900 0.0003070507614225276
49950 0.00031565722234607553
50000 0.0003165988866036872
