50 0.12961721013790178
100 0.16535430694283842
150 0.1312186914072042
200 0.10926649893832817
250 0.10642982338304494
300 0.09474565273213584
350 0.08561721129382195
400 0.07717289919802153
450 0.06473539220387436
500 0.06171183776782321
550 0.07131950343360438
600 0.05034816195353912
650 0.04298660139310723
700 0.03591646702508771
750 0.03789266050328942
800 0.036716703205639044
850 0.0353793983982746
900 0.026231262168255446
950 0.07530450935852405
1000 0.02241945914118658
1050 0.026504709455792922
1100 0.0221007741257963
1150 0.01508616449077914
1200 0.054059698676603186
1250 0.01799099705554251
1300 0.012766895787631185
1350 0.012070728767380924
1400 0.011544493402562589
1450 0.010873725723432306
1500 0.01349839257029438
1550 0.021621852447358786
1600 0.011678562352256368
1650 0.022686800295216903
1700 0.012842083822301531
1750 0.014571667602261192
1800 0.014194353225401864
1850 0.011854311966398995
1900 0.01322027874948354
1950 0.020949667127193806
2000 0.013505546714831545
2050 0.04632823647899415
2100 0.016675964538088204
2150 0.012342370184563009
2200 0.01343664509592017
2250 0.0948036390259579
2300 0.013422257404794198
2350 0.012962171174680123
2400 0.012755152042587812
2450 0.019138236933416937
2500 0.013025836623405031
2550 0.013062092283334915
2600 0.015618943196361252
2650 0.01299329640732792
2700 0.012489922912193165
2750 0.024800745676748222
2800 0.013853182145631093
2850 0.013522002565877687
2900 0.01327157552789396
2950 0.11878842588728672
3000 0.014436524085101172
3050 0.013851951854094578
3100 0.013339686983199164
3150 0.01352494139294024
3200 0.06857561059722524
3250 0.014162347051723131
3300 0.013945436373556922
3350 0.0141471975139244
3400 0.022751096386713077
3450 0.014837039412862015
3500 0.015024118083971026
3550 0.022601491598942827
3600 0.015081915454727424
3650 0.05818468651088694
3700 0.015199174609572364
3750 0.015264046853540318
3800 0.014561511386521507
3850 0.020838933343644086
3900 0.01538420359650291
3950 0.016011873017790744
4000 0.058212292148801525
4050 0.015247549830455386
4100 0.01669752952324102
4150 0.01667068396362039
4200 0.02034461140116012
4250 0.01735857973403828
4300 0.01881016222576374
4350 0.021412922759364607
4400 0.017231317311412794
4450 0.018138592044164487
4500 0.01765428693020929
4550 0.04185803151842969
4600 0.019104462199107036
4650 0.01857978991275742
4700 0.05222705358919883
4750 0.01871876625372749
4800 0.01868327081596226
4850 0.01949912201362127
4900 0.01920390076287335
4950 0.08537038810957509
5000 0.019563361448949282
5050 0.018910315056667733
5100 0.01857179453560895
5150 0.019110933420909387
5200 0.019417469754293343
5250 0.019052832142211845
5300 0.020547471753476005
5350 0.020053990463606817
5400 0.01961024500018047
5450 0.019477039239915
5500 0.02044120790050598
5550 0.019662161938977248
5600 0.019489849422816896
5650 0.01943806441722434
5700 0.01983620315840396
5750 0.019342627708572962
5800 0.01944230237599105
5850 0.01919399892152871
5900 0.01920012989216994
5950 0.019409849641063275
6000 0.018584154845124542
6050 0.019834140400259943
6100 0.019616276763911613
6150 0.018854874452304618
6200 0.01807010669688481
6250 0.01812041726886201
6300 0.01719993026312224
6350 0.018156333628089626
6400 0.019083672372176598
6450 0.02046910981541153
6500 0.017304884676933276
6550 0.026328770994252158
6600 0.018724344155462504
6650 0.01778315730976092
6700 0.01927375283902383
6750 0.019042347848895975
6800 0.018535492648452136
6850 0.01814491220554541
6900 0.017263810900610205
6950 0.026427213518774664
7000 0.018571786510046137
7050 0.017799179614161414
7100 0.017369197928978213
7150 0.03118669564608248
7200 0.017358355291506
7250 0.01796801813711039
7300 0.021964472546930573
7350 0.03691889036199316
7400 0.018242402061267107
7450 0.03300239706166134
7500 0.01735019771171251
7550 0.017379034135925557
7600 0.016325878572115548
7650 0.01733809228174418
7700 0.017953082369859943
7750 0.018137075743975356
7800 0.019745407918135543
7850 0.017093032119395415
7900 0.01779161248448736
7950 0.017435558521812205
8000 0.016528724442855053
8050 0.017016103109014042
8100 0.019265453092932858
8150 0.022275508006171712
8200 0.017759887965887056
8250 0.016640596032456868
8300 0.016778489954111412
8350 0.04292469637827671
8400 0.016004464340050997
8450 0.016038722431054503
8500 0.016621541740792032
8550 0.019810699981241055
8600 0.0169692576800007
8650 0.03625301993868826
8700 0.01669082522829359
8750 0.01783690221880138
8800 0.02484143393210348
8850 0.016803075884025714
8900 0.01825324192875762
8950 0.02165380812254145
9000 0.017624584182568057
9050 0.01620900257196134
9100 0.016503242056101264
9150 0.017191586797318876
9200 0.04175274218036335
9250 0.016715083803609542
9300 0.016299553965736506
9350 0.015169600383644533
9400 0.027532501663708995
9450 0.015862535451030623
9500 0.016742094646598663
9550 0.022413066252435335
9600 0.01571732711622458
9650 0.01622029389585904
9700 0.01729464842299121
9750 0.017803318182378597
9800 0.014569649580859215
9850 0.016583392774572454
9900 0.01611595662675294
9950 0.017212987518700002
10000 0.015119821798626091
10050 0.01534555193272137
10100 0.015082556120893483
10150 0.015932305584985026
10200 0.015032205083558407
10250 0.015164329785751648
10300 0.015075507094230556
10350 0.014921601119907077
10400 0.015161007156590132
10450 0.014854741910922288
10500 0.015021865215637161
10550 0.014775520861170737
10600 0.013893394460611792
10650 0.014671516662209774
10700 0.014362725950120166
10750 0.01515352122275697
10800 0.013700406682743556
10850 0.014261163226576267
10900 0.015675740577078223
10950 0.014719878260885024
11000 0.013827576844550713
11050 0.015014989952523176
11100 0.014428089703844904
11150 0.01488518390096367
11200 0.012794370540446534
11250 0.013288080476306743
11300 0.015237228907423071
11350 0.014298145670477528
11400 0.012830081526113882
11450 0.014089246942784028
11500 0.013791870495902745
11550 0.0132342012266841
11600 0.0146025755666653
11650 0.013176217831875092
11700 0.014142253200787408
11750 0.012577205728407205
11800 0.013346152692457938
11850 0.01309422494467362
11900 0.012660287429509861
11950 0.012945301298735539
12000 0.01311692147283925
12050 0.012918315173545698
12100 0.01786830440902564
12150 0.014587007238254611
12200 0.012731231540555638
12250 0.013934800387977257
12300 0.013235801499624547
12350 0.016118004547374564
12400 0.01255963680438568
12450 0.013642792072004499
12500 0.012411418767566686
12550 0.014166478932852063
12600 0.011977614185520097
12650 0.012288008153298084
12700 0.01323465264563803
12750 0.012449923327069602
12800 0.015119190681956465
12850 0.012251417651775289
12900 0.011640202197023301
12950 0.012047803331288277
13000 0.012988732002803337
13050 0.013567436901622397
13100 0.01214975310930888
13150 0.011647588904478279
13200 0.012731058606525987
13250 0.011210707377109233
13300 0.012214186341888549
13350 0.011748887076708193
13400 0.0112859576656983
13450 0.01166162451630227
13500 0.012103094996804002
13550 0.0116224041428868
13600 0.011586845722824023
13650 0.01250519700583354
13700 0.01431737553608238
13750 0.01190756280762462
13800 0.011561653945836354
13850 0.010949302759580403
13900 0.010906624205515324
13950 0.011630934995766472
14000 0.010888928135444205
14050 0.011194793704941797
14100 0.012302449921142784
14150 0.010955546166687388
14200 0.015603466856654242
14250 0.011536975242521655
14300 0.014881900451371147
14350 0.011909670894070967
14400 0.011038000278723425
14450 0.010859884823357476
14500 0.010665820906656043
14550 0.011160096143534033
14600 0.010909470963095193
14650 0.010455268885331959
14700 0.011340663499091942
14750 0.010995397116608739
14800 0.010865025466664223
14850 0.011024972901801341
14900 0.010314350422580295
14950 0.011176416614739278
15000 0.01346226706347101
15050 0.010285534342020048
15100 0.01104530875328535
15150 0.009905979952926868
15200 0.010906720449150174
15250 0.011038544306018978
15300 0.010582834879328637
15350 0.0102318127725609
15400 0.010157830890999468
15450 0.011079632572685261
15500 0.010181219623569245
15550 0.01074445401307142
15600 0.010532625206256457
15650 0.010120364257881098
15700 0.009817407702304983
15750 0.010410428980606507
15800 0.010586232970279809
15850 0.010077545132997074
15900 0.009687228883732291
15950 0.009772244910917917
16000 0.009938226915651086
16050 0.01010538477769188
16100 0.009962697934237992
16150 0.009406067010090089
16200 0.009418928173691905
16250 0.009946060611168598
16300 0.009962167213396668
16350 0.009773603236204862
16400 0.010391679525365703
16450 0.009448838150644548
16500 0.011088449551787082
16550 0.009913548710731362
16600 0.010099135895125917
16650 0.010673093983506214
16700 0.009301101428606654
16750 0.010823228205949609
16800 0.009626568374109728
16850 0.008621628841398301
16900 0.00955146094044503
16950 0.009112477540465229
17000 0.008845681519384882
17050 0.009866635736163115
17100 0.01027815750983273
17150 0.009272373488057149
17200 0.01056604183383433
17250 0.009327200239523404
17300 0.00910299270867623
17350 0.009265972683679216
17400 0.0099543927682461
17450 0.009441644538097208
17500 0.009579367302974292
17550 0.009080193556590411
17600 0.009667166190527423
17650 0.008108781566344026
17700 0.009093004965764626
17750 0.008872620033739842
17800 0.009778607454631355
17850 0.01061468549750613
17900 0.008540806586890198
17950 0.008918805527496026
18000 0.009304974504298692
18050 0.00820581906554617
18100 0.014072859588792692
18150 0.008754684142265804
18200 0.008166545888275619
18250 0.009530217345097963
18300 0.008690245804340694
18350 0.010276760450009956
18400 0.009770770670155167
18450 0.008540008948599702
18500 0.008915026114799508
18550 0.008245486185933399
18600 0.00794244523013773
18650 0.008140327628255726
18700 0.008179022115216953
18750 0.009028918152267463
18800 0.008339685235755233
18850 0.007558404288049661
18900 0.00793573497134061
18950 0.007966073437469759
19000 0.009401215696238129
19050 0.008354106382631545
19100 0.008752373559132977
19150 0.008185733873297473
19200 0.008092290848339161
19250 0.007996394944064742
19300 0.008981445041618021
19350 0.00778871126673721
19400 0.009157380847844577
19450 0.008046503528138703
19500 0.008616546552689569
19550 0.012312676698429465
19600 0.007967666095753731
19650 0.008763315318492955
19700 0.007812715445173847
19750 0.008861865214432614
19800 0.007774571499799265
19850 0.009079500255681843
19900 0.0098329207654683
19950 0.007985937833925141
20000 0.010285901824970776
20050 0.008701269657888666
20100 0.007925461970187323
20150 0.0076925967518994606
20200 0.007946294727498951
20250 0.00797494688948951
20300 0.007825437211949633
20350 0.008003086167046796
20400 0.008535206474570492
20450 0.008343501926892804
20500 0.007810303049259372
20550 0.008174071365726378
20600 0.00794620706357546
20650 0.008178015043761876
20700 0.007550497949129076
20750 0.007999015949662078
20800 0.008050001875260587
20850 0.007488129879970863
20900 0.007860519411406409
20950 0.007898604135402278
21000 0.007915671906435367
21050 0.007397398376354907
21100 0.007699424405648356
21150 0.00778919855703138
21200 0.007964043613399132
21250 0.008018081626518854
21300 0.007943859549245385
21350 0.008062081681154135
21400 0.0076776308741080355
21450 0.00766091240852592
21500 0.007156012869297597
21550 0.0069896567840788395
21600 0.007646963949246384
21650 0.007199771178878428
21700 0.008609019050439629
21750 0.0077623825178525655
21800 0.006316805138856222
21850 0.007219714418537013
21900 0.007137612268808338
21950 0.007125468575840855
22000 0.007787643978116733
22050 0.007928714418867569
22100 0.007299958183831277
22150 0.00826366616751904
22200 0.007192922675487345
22250 0.007605513516425336
22300 0.0073353710429239615
22350 0.008711411910145501
22400 0.007730975036739868
22450 0.007766414651966123
22500 0.007412782330798596
22550 0.008773878591516503
22600 0.006990508002108975
22650 0.006032806010095243
22700 0.007323267577419464
22750 0.007757953880948717
22800 0.007148429097359388
22850 0.006805473269496878
22900 0.007564728075523915
22950 0.007374074576956378
23000 0.007623067435630665
23050 0.007314027642996936
23100 0.006783256872911682
23150 0.0063830025907709335
23200 0.006693606092804081
23250 0.007064219847255633
23300 0.007463258905814159
23350 0.006800062998820622
23400 0.006836450160502724
23450 0.007089278901626942
23500 0.007314738900813818
23550 0.009693989239931632
23600 0.006587731190630621
23650 0.006728888796119902
23700 0.0061038789470904105
23750 0.005866961916716633
23800 0.006931797578048163
23850 0.007133841775897365
23900 0.006328352112617685
23950 0.0067521281353992765
24000 0.0064364087529391704
24050 0.007188893926973672
24100 0.0061307782440726535
24150 0.006681741555726062
24200 0.005984120418712053
24250 0.006770214870275919
24300 0.006720375581720696
24350 0.006645676993202231
24400 0.0063803405002478405
24450 0.006591516354295278
24500 0.005990160190905397
24550 0.006775010473423123
24600 0.006361529074263916
24650 0.007080139323936037
24700 0.006761561605671779
24750 0.005833367507206756
24800 0.007295321801534167
24850 0.006276757952809249
24900 0.006066120232236554
24950 0.005952367887985344
25000 0.005985183508378218
25050 0.006765410304573281
25100 0.006326874090051569
25150 0.006360163113953375
25200 0.006357806892030576
25250 0.00634165598556583
25300 0.0062507665588820305
25350 0.0063191110317299135
25400 0.006099845259581174
25450 0.006353287141991279
25500 0.006748131062878996
25550 0.006559500100640396
25600 0.006465635952053526
25650 0.006593318416002696
25700 0.006581587784960088
25750 0.006232304912672834
25800 0.006355674950995385
25850 0.006418306145889346
25900 0.006536233006435391
25950 0.006431424537326154
26000 0.005913963392665158
26050 0.006058637036053752
26100 0.006553991604940472
26150 0.006587485111772719
26200 0.005995595811464776
26250 0.006117835580609947
26300 0.006335234920115513
26350 0.006025161312328145
26400 0.005864612957087245
26450 0.00632943863446737
26500 0.00595556485921722
26550 0.006711702419809111
26600 0.006135700294987499
26650 0.006185681670536238
26700 0.0066414506357919565
26750 0.006654267616385575
26800 0.0062262992582091834
26850 0.0064382982247650645
26900 0.005966987096100784
26950 0.005837435046659636
27000 0.006116299716309236
27050 0.006455180556695799
27100 0.005978251547530341
27150 0.006155558356823964
27200 0.006074700005907661
27250 0.006357641459836177
27300 0.005695189913896943
27350 0.005278608692472605
27400 0.0065533603869713155
27450 0.006264828883406322
27500 0.006160453241256265
27550 0.00558555538992928
27600 0.006035037824647564
27650 0.006507709488707439
27700 0.006310573915154416
27750 0.0063707428465315935
27800 0.0060933338072197704
27850 0.006104301987372112
27900 0.00591582898504788
27950 0.005799846044603494
28000 0.005960623649344365
28050 0.00693049896494469
28100 0.005670500003360121
28150 0.005886285354796285
28200 0.006239874187522648
28250 0.005708141466844821
28300 0.00643335287381359
28350 0.006333582876602376
28400 0.0055067539560592115
28450 0.005925790965866596
28500 0.00639189559798223
28550 0.005635492662791357
28600 0.005446160193955858
28650 0.0056806963983560025
28700 0.005202376919967243
28750 0.005935508171690076
28800 0.005547293815897454
28850 0.006287869377264598
28900 0.005355647887355228
28950 0.005497185171462774
29000 0.005496001898445509
29050 0.0056501920167509444
29100 0.005569471011259446
29150 0.005002813558060801
29200 0.006938422248958706
29250 0.005581569029069552
29300 0.005731575472925391
29350 0.005088401348306565
29400 0.00537805778694761
29450 0.005152630279134023
29500 0.005353672096296985
29550 0.005417671528906053
29600 0.0047096963836257165
29650 0.004922271984249092
29700 0.0057503346912111016
29750 0.004983905103825114
29800 0.006055649936433592
29850 0.00649852736928899
29900 0.0053836220028196735
29950 0.006158986419667895
30000 0.005423198399849245
30050 0.005037642812724313
30100 0.005677124227476656
30150 0.005313213846853653
30200 0.005550779842197973
30250 0.005364536228194565
30300 0.005813235308637014
30350 0.0052406370338159165
30400 0.005980730269375342
30450 0.00562122599266903
30500 0.0053871537745510956
30550 0.005222891448353782
30600 0.004919228951481053
30650 0.005262579534220201
30700 0.005192221447182626
30750 0.005566516140944
30800 0.0053790920305035635
30850 0.0050049406271152905
30900 0.005328856470031424
30950 0.005245903818220049
31000 0.005698496666182299
31050 0.005102925795684829
31100 0.005578033597208965
31150 0.005981536050391955
31200 0.005417416829842472
31250 0.005165971365288074
31300 0.005210377251479995
31350 0.005860935266918398
31400 0.0052152146628479164
31450 0.005703476702437221
31500 0.005404289402978382
31550 0.005842736047276829
31600 0.005539055542945653
31650 0.005497461677781474
31700 0.005275173283938397
31750 0.00508257948950588
31800 0.005052817263403658
31850 0.005268193183263777
31900 0.005173388430030601
31950 0.005278567915666102
32000 0.005806080676806313
32050 0.005395059134923723
32100 0.00509618695094304
32150 0.00532114036166793
32200 0.004945521892974716
32250 0.005771519683260311
32300 0.00483255323891705
32350 0.005555226019518355
32400 0.005372808662473354
32450 0.004853485358793027
32500 0.005444024429434748
32550 0.005059258524862699
32600 0.005463639662167523
32650 0.005311574816272366
32700 0.005360418048509315
32750 0.004735888391349333
32800 0.005205689443178725
32850 0.005166328894498641
32900 0.005124278524367646
32950 0.004993893305802359
33000 0.00514184881175728
33050 0.005829739784675772
33100 0.004809586986988577
33150 0.005350267829658915
33200 0.005058306193742045
33250 0.00442542391710963
33300 0.004806301138158842
33350 0.004857699221072838
33400 0.004900855486580501
33450 0.0050069824162133885
33500 0.004577971248195432
33550 0.004947847276864078
33600 0.0051641168060331125
33650 0.005018329614591752
33700 0.005326039749859441
33750 0.004936653538431346
33800 0.005134932556082938
33850 0.005104010215135137
33900 0.004872316815708501
33950 0.005106374435522381
34000 0.0049628009974594
34050 0.005022808704822562
34100 0.005149118703634692
34150 0.005592766172467035
34200 0.005143417655485829
34250 0.004873920036680411
34300 0.004842485522510619
34350 0.005192858912019818
34400 0.00476487765018473
34450 0.005391270138769906
34500 0.005333270431587565
34550 0.0050409938519766564
34600 0.004718870282171491
34650 0.00518498319499942
34700 0.004329581272924338
34750 0.004392771850507581
34800 0.005009900770192895
34850 0.004671783058958961
34900 0.004541804065099698
34950 0.005159530464337777
35000 0.004638888409136028
35050 0.004595764546662362
35100 0.00464373315204052
35150 0.005121176908347516
35200 0.004819268913692132
35250 0.004675408662683679
35300 0.004963940862867896
35350 0.004658745578593657
35400 0.004990904783835176
35450 0.004602257006038406
35500 0.004773815086493176
35550 0.00459961553809182
35600 0.0047555839552104835
35650 0.004850529412192402
35700 0.004475248825015307
35750 0.004706929864287959
35800 0.004788376474822244
35850 0.0048476393581402795
35900 0.00427861414310339
35950 0.004526873983775533
36000 0.004850128110607353
36050 0.004767215701902742
36100 0.005152705239254975
36150 0.004618266443133775
36200 0.004607112028234787
36250 0.004898509423210822
36300 0.0045044429867373455
36350 0.00498156215756135
36400 0.004730311596080304
36450 0.0048208568108160325
36500 0.004748721974629892
36550 0.004912691338365731
36600 0.004686999728474937
36650 0.004680722232821433
36700 0.004497893490801155
36750 0.004596231395529403
36800 0.004740899705560481
36850 0.004556553964950917
36900 0.00498703457129987
36950 0.0048483082724095255
37000 0.004381246465455269
37050 0.004607136570161668
37100 0.00460407091688923
37150 0.004974436914081822
37200 0.004681470954704796
37250 0.004701297084734542
37300 0.004798218863929398
37350 0.00481915030289545
37400 0.00455675932291257
37450 0.004376827931214815
37500 0.004319482652369475
37550 0.004595363297031966
37600 0.004470009152165982
37650 0.004524896881463412
37700 0.004660116000208695
37750 0.004336159029484723
37800 0.004734603511795574
37850 0.004113222452724934
37900 0.004503178876896042
37950 0.004567742378074452
38000 0.004531380287902387
38050 0.004787203350654261
38100 0.004365916407110983
38150 0.004119958789897966
38200 0.004588621594787848
38250 0.004588735707659915
38300 0.00427731633337987
38350 0.00461602079957469
38400 0.0042123200133056355
38450 0.004998860716893229
38500 0.005035054137323601
38550 0.004785604025415833
38600 0.00478720493459739
38650 0.004200977506842295
38700 0.004623877927751563
38750 0.004533341108563551
38800 0.004677809034723335
38850 0.004167069031348875
38900 0.004339828573866169
38950 0.004553162388080746
39000 0.0045670573414822785
39050 0.00438041690207027
39100 0.004721464556270472
39150 0.004391029985884238
39200 0.0043591331369860304
39250 0.004703933229791276
39300 0.00452264383845127
39350 0.004351157599793967
39400 0.004492163777774808
39450 0.004422119771173272
39500 0.004452860475785363
39550 0.004585469113195033
39600 0.004238102608435254
39650 0.004598550813851684
39700 0.004368066092814586
39750 0.0044763552665083965
39800 0.004172960592269528
39850 0.004236207210594257
39900 0.004641375014527343
39950 0.0045204843152135315
40000 0.004859878511920349
40050 0.0046663233393153345
40100 0.00394736335587082
40150 0.004454715984673515
40200 0.004490226096113151
40250 0.004031127570335583
40300 0.0043345564917291165
40350 0.0044373060628624126
40400 0.0045448440293450135
40450 0.004367838992990031
40500 0.004537285344823707
40550 0.0041937475016347965
40600 0.004275205380424976
40650 0.004459113175588445
40700 0.004429277004261988
40750 0.00431110005477237
40800 0.004367158472039168
40850 0.0047538838153953
40900 0.0043280419233022414
40950 0.004406078291223013
41000 0.0045463789067907
41050 0.004301830602903673
41100 0.004538757901678234
41150 0.004530203407486487
41200 0.004539630423807051
41250 0.004322468374849582
41300 0.004592655478474356
41350 0.004406808349216926
41400 0.004309447625334528
41450 0.004603813161995183
41500 0.004099371655292204
41550 0.004253825924536396
41600 0.004387924881967835
41650 0.004319710613677212
41700 0.004462958259925335
41750 0.00411366473415673
41800 0.004594785492017138
41850 0.004390977184734906
41900 0.004768989054022197
41950 0.0044223479167056325
42000 0.004109205353548154
42050 0.004253739704025654
42100 0.004495147323115994
42150 0.004214504592172375
42200 0.0043746219810252025
42250 0.0041989221063231585
42300 0.004436163802677207
42350 0.004423051996734077
42400 0.004418462497409747
42450 0.0042266967405420125
42500 0.004126389386568912
42550 0.004560764026187828
42600 0.004302525352936746
42650 0.004249037880947723
42700 0.004363312940288848
42750 0.004463438872818681
42800 0.0041230579925445945
42850 0.004338184985893298
42900 0.004028907568541009
42950 0.004212883710630828
43000 0.004327074573610204
43050 0.0040193066304210975
43100 0.004290510884748907
43150 0.004211221100829431
43200 0.004005614348510888
43250 0.004424610447504562
43300 0.004431515044060367
43350 0.004152953384258702
43400 0.003948941493969819
43450 0.004197003297226102
43500 0.004325069547476138
43550 0.004517100410722456
43600 0.003869791124407416
43650 0.004399676394949771
43700 0.004238061344986259
43750 0.004128673908874218
43800 0.004032565229432525
43850 0.004177870030671125
43900 0.00406947651811397
43950 0.004626625987342383
44000 0.0041375765656507125
44050 0.004113210879252901
44100 0.004064027728974994
44150 0.004479950904398737
44200 0.0043832023822890755
44250 0.004196580314085193
44300 0.004094726071897387
44350 0.004195946714440398
44400 0.004318376963723985
44450 0.004473799819907298
44500 0.004656234148885061
44550 0.0042994701337016475
44600 0.0039268486241305816
44650 0.0040879842595678
44700 0.004158183787578337
44750 0.004378834786862067
44800 0.003962934297237998
44850 0.004080250067691063
44900 0.004145966945940791
44950 0.004052922377329137
45000 0.004569191324786062
45050 0.00414845890933513
45100 0.004001497826832308
45150 0.004177436534731647
45200 0.004090759739937214
45250 0.004209029012544078
45300 0.003729248746916686
45350 0.0043799006825888725
45400 0.004267722211220664
45450 0.004287830044348364
45500 0.003945888552454167
45550 0.004302809277229418
45600 0.004438367265161274
45650 0.004164887909076226
45700 0.004488456594898542
45750 0.004029788177065887
45800 0.004233291290282534
45850 0.004143558320440841
45900 0.0040404517621287425
45950 0.004228656835178438
46000 0.004189563089260175
46050 0.004153520478604309
46100 0.004188023549795553
46150 0.004184770439476474
46200 0.004234289522317465
46250 0.0039312215400866485
46300 0.004058015068462231
46350 0.004066758565938625
46400 0.003915589708361769
46450 0.004126763021857457
46500 0.004214907827037558
46550 0.003955350499801721
46600 0.004218637625395573
46650 0.004180535868710321
46700 0.004007532865215954
46750 0.003953216516158185
46800 0.0040727428651762465
46850 0.00401608637302477
46900 0.003956865126381706
46950 0.003706925246527412
47000 0.0041006021834934766
47050 0.003973318496866958
47100 0.004248392137811659
47150 0.004177346327245351
47200 0.004134639929533779
47250 0.004224791557885383
47300 0.004127507658783883
47350 0.004185946229348263
47400 0.004001536793624603
47450 0.0037058999855493617
47500 0.004158523431433562
47550 0.004149321323738586
47600 0.004317816620149514
47650 0.004132470186000512
47700 0.004097689888488647
47750 0.00403288652788168
47800 0.004232072649404949
47850 0.0039050286736681053
47900 0.003982886449118437
47950 0.004114524766946983
48000 0.0040922466403160475
48050 0.0038168086632100998
48100 0.0043036233605889
48150 0.0038489686499643488
48200 0.004156792877908028
48250 0.004515480164848499
48300 0.004060764595010285
48350 0.003991116613087139
48400 0.0038273588819401788
48450 0.0038519199719651872
48500 0.004015194029166224
48550 0.004007352849235269
48600 0.0041701730725917435
48650 0.003837702093260339
48700 0.00429056941010433
48750 0.003955627982090356
48800 0.004183396668651588
48850 0.003949700929802845
48900 0.0041991562488146675
48950 0.003928230961281083
49000 0.003716419252921009
49050 0.003941295249148667
49100 0.003959060841152442
49150 0.0037658631470661665
49200 0.004064590976867341
49250 0.004091469165665953
49300 0.004241228953426157
49350 0.004076015161908233
49400 0.003798487428368422
49450 0.004026189766464068
49500 0.004141724255043952
49550 0.004189260843186514
49600 0.0037917800592525046
49650 0.004148575251953749
49700 0.0041266192873749
49750 0.0037104470919718273
49800 0.0040321488049354995
49850 0.003990725991398104
49900 0.004181816504518627
49950 0.003971452144451534
50000 0.004111981357220285
