50 0.2316550484530531
100 0.19150746417943246
150 0.16937895147629653
200 0.12822541378903807
250 0.11270831603689183
300 0.10068028419637516
350 0.09841744406631274
400 0.13657381640663502
450 0.08016323790099011
500 0.09336569191863044
550 0.14589283570761258
600 0.06869974897897971
650 0.06081416089960475
700 0.12882806020903279
750 0.06206344597238394
800 0.05659347070049527
850 0.05361074687482477
900 0.06312485757409465
950 0.04822993013173472
1000 0.08243333968929371
1050 0.047741367002495046
1100 0.049519121487719746
1150 0.06356967070191645
1200 0.04145322801744693
1250 0.07132374970964811
1300 0.03809675893945109
1350 0.03736976024697926
1400 0.05313445822243125
1450 0.038062215841642384
1500 0.03427463872600757
1550 0.03380046734559779
1600 0.03545620010904125
1650 0.0311829190457338
1700 0.034440154137523694
1750 0.03329133993691631
1800 0.027964217986125986
1850 0.028178922383541163
1900 0.039214252090701736
1950 0.025175172708946855
2000 0.025118442681902515
2050 0.024463302252522117
2100 0.022928564300023265
2150 0.020655027688081088
2200 0.03423253364617349
2250 0.028984165749423557
2300 0.019580505145743148
2350 0.017561054933732192
2400 0.017069951373300203
2450 0.017019527666653975
2500 0.01564618816070524
2550 0.10116276473158621
2600 0.013760647014021715
2650 0.012726711651374041
2700 0.011641124588344572
2750 0.016523851924283278
2800 0.03415668551558804
2850 0.010673019461934231
2900 0.010239525423316794
2950 0.02826499733030326
3000 0.0092946725954393
3050 0.009717562255482613
3100 0.04679702872703978
3150 0.009913747261877931
3200 0.008371222731625525
3250 0.007639170673778688
3300 0.008442814731211013
3350 0.06221060684320284
3400 0.009460475719994033
3450 0.00761841472305497
3500 0.007607152564621629
3550 0.007773383143121608
3600 0.007444206880077841
3650 0.02084399351319142
3700 0.016771668545091444
3750 0.0088834683566849
3800 0.00903086002801599
3850 0.009403035633372124
3900 0.009562478961618943
3950 0.009522443697826873
4000 0.013476313830646642
4050 0.010404797499780703
4100 0.010699960735832752
4150 0.01082234003780403
4200 0.011255456876727408
4250 0.013615451057281012
4300 0.02080352415560622
4350 0.011896286384520756
4400 0.012534846191828113
4450 0.017634454440843206
4500 0.017213695403172816
4550 0.01237961549472247
4600 0.013177968064889942
4650 0.014561413286814238
4700 0.01346997872083443
4750 0.03000079628309019
4800 0.014451700996751768
4850 0.01390004540544092
4900 0.040823380097585654
4950 0.016040770670042066
5000 0.014476541841909272
5050 0.013835325853522923
5100 0.015292405949089182
5150 0.014664540265775992
5200 0.01468960017143483
5250 0.01352633365501227
5300 0.014118854550932838
5350 0.013500718377505157
5400 0.014750639778108926
5450 0.014456491951225461
5500 0.014711557093531656
5550 0.014215109495037981
5600 0.014344837423869017
5650 0.014296172184689567
5700 0.013962170460238812
5750 0.014290647670222954
5800 0.014204097940408942
5850 0.014447991070397391
5900 0.014117138070478442
5950 0.013744512556096277
6000 0.013785071793923994
6050 0.01248341618934204
6100 0.014405681359203304
6150 0.013559327363304936
6200 0.014001723328649239
6250 0.014140305842103856
6300 0.012864295006702074
6350 0.013249112749324244
6400 0.01650996024746705
6450 0.014860739039516345
6500 0.013499796302667266
6550 0.012595804591745903
6600 0.012921802443214322
6650 0.015854890597796177
6700 0.01462641875510526
6750 0.013363442306973405
6800 0.07765182019332097
6850 0.014537035304597549
6900 0.013003297202343552
6950 0.012351245145416646
7000 0.013127315685691152
7050 0.012788580992532647
7100 0.013657530311218413
7150 0.013228408958710872
7200 0.013304118891491695
7250 0.01213827110973712
7300 0.022551341927763917
7350 0.013814859806813816
7400 0.013423772726450798
7450 0.01811916101395611
7500 0.01345364200772418
7550 0.013446308978599619
7600 0.012781191896582892
7650 0.01192760020954546
7700 0.012423986623678041
7750 0.0196182535952837
7800 0.013095324318558012
7850 0.012728764068183364
7900 0.03080454426374278
7950 0.013621880152449499
8000 0.028458547952150064
8050 0.013889092828894245
8100 0.02564461089299705
8150 0.012040963612222557
8200 0.01336916298348828
8250 0.012458120406746863
8300 0.022998019614910187
8350 0.01184820767287559
8400 0.012370357150990973
8450 0.011969134747119333
8500 0.012601051376766296
8550 0.01310011992575265
8600 0.012235449262919511
8650 0.011365603180665733
8700 0.015292723011451195
8750 0.012617338161957146
8800 0.01284154859373945
8850 0.023792778849773835
8900 0.012129204344844949
8950 0.012341100864352122
9000 0.012115572545887266
9050 0.012189941528691002
9100 0.011543356238065018
9150 0.011682243759357874
9200 0.01722324275129196
9250 0.011388154416456473
9300 0.011835811438396392
9350 0.017882959288896102
9400 0.012446020260087542
9450 0.021588402010385227
9500 0.011883958930731128
9550 0.010397915342853893
9600 0.01176894898989872
9650 0.011417045655739557
9700 0.011357873610866822
9750 0.022047475765786778
9800 0.011839396654108733
9850 0.011001733714394732
9900 0.012629257692579724
9950 0.03890843973934024
10000 0.011101789086760247
10050 0.011245186403249993
10100 0.011321419276326019
10150 0.010848538274246923
10200 0.010968485120032906
10250 0.010748217886450223
10300 0.010240564923586128
10350 0.010605304498433653
10400 0.010594618258187987
10450 0.01118747530179765
10500 0.01057994961418469
10550 0.010350375771362712
10600 0.010395445274619903
10650 0.010715413656121543
10700 0.01043498102553141
10750 0.009570828336956987
10800 0.010712530593612322
10850 0.010246077720498318
10900 0.009891180255018353
10950 0.00941597636154608
11000 0.011305261547514227
11050 0.009770268083028187
11100 0.009871702876375694
11150 0.010525449785785974
11200 0.009505991904792255
11250 0.009506409060220504
11300 0.009739906431978864
11350 0.009480561157935299
11400 0.01799250649627997
11450 0.009975767887511254
11500 0.013525822992092538
11550 0.009100233570756027
11600 0.010291137836232712
11650 0.012252573656212892
11700 0.009679475917045132
11750 0.009152679749348934
11800 0.009489146632887122
11850 0.011990508965455048
11900 0.01015003958059886
11950 0.00931771235552195
12000 0.00935104483766357
12050 0.010791315939380014
12100 0.008701534225191744
12150 0.010765591182756213
12200 0.008777547833365401
12250 0.009783036769162557
12300 0.0090195914755342
12350 0.010993929855807806
12400 0.009011630851488176
12450 0.008602427322232972
12500 0.00983966727775392
12550 0.00979480203968096
12600 0.02622021439901798
12650 0.009650083404138903
12700 0.00920845169871052
12750 0.008550499271753493
12800 0.00906438035539297
12850 0.01314493045319023
12900 0.008265718791298544
12950 0.008443643273036917
13000 0.010259436041754081
13050 0.008785123395177537
13100 0.008795542818640908
13150 0.013337612296756274
13200 0.01196098813482491
13250 0.019519219759572114
13300 0.009063043422357295
13350 0.009516527712166682
13400 0.00831003551989842
13450 0.009170230615107518
13500 0.014427157483855353
13550 0.008528017688659883
13600 0.00858785214933929
13650 0.009679963467976858
13700 0.008019874415240779
13750 0.008524989274659065
13800 0.01099345559388502
13850 0.008089201791863915
13900 0.009668587097410693
13950 0.008580115509730661
14000 0.008434672201512216
14050 0.00760156303193317
14100 0.00832365368432373
14150 0.008052304038762236
14200 0.014224560500692113
14250 0.009163986521677265
14300 0.02486695194454944
14350 0.007873559182546931
14400 0.008239615190397745
14450 0.008554592351218785
14500 0.008497620549928045
14550 0.008421615488338526
14600 0.008496590122143086
14650 0.017148823925135902
14700 0.007964287586766356
14750 0.007693376199825606
14800 0.008244432260902358
14850 0.007702144440551497
14900 0.007765895731532819
14950 0.008229956259753174
15000 0.008362961109069608
15050 0.007173559001068333
15100 0.007601322756356704
15150 0.007564292367169707
15200 0.007235549498006655
15250 0.007734173505832052
15300 0.008238043255755662
15350 0.007991917024741585
15400 0.00717560722026413
15450 0.0074060202485189425
15500 0.0074319475340867015
15550 0.007315539389794214
15600 0.007496991183315815
15650 0.0074915457026601675
15700 0.007470493956836809
15750 0.007042245869570085
15800 0.007414101090367504
15850 0.007664393596985957
15900 0.0072038587172415375
15950 0.007621732457818868
16000 0.007418921058793703
16050 0.00697593155933415
16100 0.007052788823712629
16150 0.007702147039374022
16200 0.007575017029328777
16250 0.007232110064289471
16300 0.008096988126903825
16350 0.00676539444396699
16400 0.007178674365105358
16450 0.00707186635959868
16500 0.006789368254506298
16550 0.006922681237848264
16600 0.008003481908391282
16650 0.007106762036787436
16700 0.007081956705551807
16750 0.006886898142608011
16800 0.01149372035897616
16850 0.006609544970918551
16900 0.007197503086905297
16950 0.0075979719478213685
17000 0.007013249462051826
17050 0.007201045336313079
17100 0.006888483162534885
17150 0.006944722393321367
17200 0.011885950047199521
17250 0.0066525482854258525
17300 0.011434959878402689
17350 0.00686140082123292
17400 0.00664553650679294
17450 0.006760090114675781
17500 0.0066193502571815265
17550 0.01233581645557503
17600 0.0065612634826894434
17650 0.006830822524752435
17700 0.009113368063217955
17750 0.0071145817344435485
17800 0.007664374438899309
17850 0.007141462225397035
17900 0.0069401082232804865
17950 0.0062896366079389305
18000 0.006364577814341344
18050 0.006554102929180484
18100 0.006142455776528141
18150 0.006864944543466906
18200 0.009149229008765528
18250 0.006701579192766791
18300 0.006677099350662064
18350 0.0075665777513850944
18400 0.007049756934939785
18450 0.006955432668990263
18500 0.006376362966563933
18550 0.006500557075283449
18600 0.006382329446452176
18650 0.00712373685299895
18700 0.006817899423474634
18750 0.006676870561179282
18800 0.0063626714131111
18850 0.006219282558204753
18900 0.006211065345549353
18950 0.006382547220770255
19000 0.007056632992384892
19050 0.006404312051678831
19100 0.007534795953448009
19150 0.006346917763823179
19200 0.006093457967249384
19250 0.0062945984171228955
19300 0.006860972909128323
19350 0.005917397848760755
19400 0.006459648991495333
19450 0.006372950500315837
19500 0.0059993426418989085
19550 0.008523252902254492
19600 0.0061659943241897915
19650 0.006331219244315911
19700 0.00734265485796659
19750 0.00625481006129904
19800 0.006506506560149494
19850 0.00636149655989481
19900 0.006398276552852302
19950 0.0062650357991503635
20000 0.007459167777410013
20050 0.006222961046216156
20100 0.005976661050806655
20150 0.006091195163967054
20200 0.006102973816214641
20250 0.006088575393309893
20300 0.006441433110185138
20350 0.0061334421703100024
20400 0.006204093227735655
20450 0.0058161029248906156
20500 0.005893685611014937
20550 0.0061431494121573565
20600 0.005428522904748764
20650 0.005991418922705825
20700 0.005901657703722188
20750 0.005842865137194875
20800 0.006111492364840762
20850 0.006193127709230794
20900 0.005776647011765898
20950 0.005422123109546093
21000 0.005854752559190471
21050 0.005714300348594377
21100 0.0057888733791635755
21150 0.00582894153541667
21200 0.005416908150468661
21250 0.006222998564867406
21300 0.005739570057337451
21350 0.005635362803146973
21400 0.0059619683436579396
21450 0.006144199410042182
21500 0.0052701348798283995
21550 0.005390534127121552
21600 0.005768691727067435
21650 0.006085031564997589
21700 0.005775581170221094
21750 0.005659142878497192
21800 0.005842767670278755
21850 0.00599693927073752
21900 0.006349722055417002
21950 0.006212972910460859
22000 0.007898088397164897
22050 0.005638320021784517
22100 0.005499289417215721
22150 0.0057706242584374965
22200 0.005591855962039704
22250 0.00565531916772053
22300 0.005457351955072803
22350 0.005788973842617479
22400 0.0055167185124206505
22450 0.005632619344676674
22500 0.006554294627170665
22550 0.005854370135882184
22600 0.005361773231152581
22650 0.005781100873295948
22700 0.005720773880941723
22750 0.0056727722791669695
22800 0.005632390595231016
22850 0.006152717141080198
22900 0.00560619037135509
22950 0.005334107025747747
23000 0.005553795433865258
23050 0.005641065292616547
23100 0.005473527173412516
23150 0.0053292023857667075
23200 0.005673577135945536
23250 0.005287883572557158
23300 0.007792154184935784
23350 0.00551147989038684
23400 0.005452937150520146
23450 0.006788987372052129
23500 0.0053797340886015685
23550 0.005959460544681977
23600 0.005534351127438547
23650 0.005499700119985429
23700 0.0055869299436363245
23750 0.005818401700523296
23800 0.0053534653590384665
23850 0.005381168261139315
23900 0.005573436617445246
23950 0.005478276841718646
24000 0.005123310672770316
24050 0.005162168551058755
24100 0.005617692513275177
24150 0.006223478042749551
24200 0.005634960037166988
24250 0.005676058081740686
24300 0.005260158780043544
24350 0.005319124154793547
24400 0.005421689262479306
24450 0.004819641621986527
24500 0.005215869432835136
24550 0.005048794853135802
24600 0.005934331741342364
24650 0.005458861966836916
24700 0.006619759252834034
24750 0.005412319379136696
24800 0.0050122220778005865
24850 0.00539475943030793
24900 0.005233400969035963
24950 0.005246898936113002
25000 0.005626941522337401
25050 0.005363348576316246
25100 0.005264935915825256
25150 0.005480398695478672
25200 0.004925170306162722
25250 0.005158885535143428
25300 0.005407978763565914
25350 0.005354917946171073
25400 0.005231133794011183
25450 0.004999032222650288
25500 0.004968766186720865
25550 0.005105015852826136
25600 0.005250821579592942
25650 0.005043616353124782
25700 0.005305320864151378
25750 0.0049825998177742215
25800 0.004979442145090095
25850 0.00471033186754974
25900 0.0055818184594117
25950 0.005282286083215027
26000 0.004611514346600013
26050 0.005115227493841612
26100 0.005090982180925142
26150 0.005151463982076166
26200 0.005033028366230925
26250 0.004578205551889067
26300 0.005102508145090906
26350 0.00505534543997459
26400 0.004713427901372747
26450 0.005240656153426121
26500 0.004764085302126524
26550 0.005052812088598073
26600 0.00498190175650148
26650 0.004898552213574666
26700 0.005123201720240681
26750 0.005021243300977587
26800 0.004895058465532323
26850 0.004970203977949258
26900 0.0049980636606686965
26950 0.005010141555054227
27000 0.005647146359031839
27050 0.005128174941431955
27100 0.005006477945400656
27150 0.0049897064324268044
27200 0.004961012796866923
27250 0.0050069065072613226
27300 0.004723528091619332
27350 0.005305880741867913
27400 0.004665088245276449
27450 0.005076178215210866
27500 0.005125911022464265
27550 0.005195120521421288
27600 0.0049296235822683864
27650 0.004923445479573169
27700 0.004802838589740009
27750 0.005167373866011402
27800 0.004793315731095025
27850 0.004969032965872705
27900 0.005144054622891102
27950 0.005243273047351562
28000 0.004533332273711287
28050 0.004655580654078586
28100 0.004988838779935731
28150 0.004989512306345443
28200 0.004741471568472422
28250 0.00503294662823098
28300 0.005091351941311508
28350 0.004931828431011968
28400 0.004943760466439296
28450 0.004536377719235327
28500 0.0045364190869364085
28550 0.004939757473598352
28600 0.004729842383941822
28650 0.0047127080439043545
28700 0.004775114653374297
28750 0.004958522504241866
28800 0.0046614669035524615
28850 0.004854781742697768
28900 0.004809533333856392
28950 0.0045343353958875775
29000 0.004844600256079585
29050 0.0046110270797341275
29100 0.004922125682655882
29150 0.0044496965007084725
29200 0.004605727686974434
29250 0.004875895586530752
29300 0.00450872713650272
29350 0.004616028475166134
29400 0.00484645356668994
29450 0.004993144138325473
29500 0.00467297955555391
29550 0.005503384644715367
29600 0.00459014389572217
29650 0.004538528346334741
29700 0.0047169983805009285
29750 0.004668066354798815
29800 0.004634110515392304
29850 0.004490993393794711
29900 0.004612763604259442
29950 0.004580161733790053
30000 0.004471826390244704
30050 0.004489838389142601
30100 0.004722028320386646
30150 0.004567793287617293
30200 0.0047613060211604595
30250 0.004574366126947396
30300 0.004650016855339038
30350 0.004486096477919678
30400 0.004730322736345462
30450 0.004886469315468712
30500 0.00466358602487567
30550 0.004666222535251184
30600 0.0043016198029071214
30650 0.004662589441198466
30700 0.0043503067212923175
30750 0.004252214884811691
30800 0.004473737002698478
30850 0.004358123047361988
30900 0.0048387766344786115
30950 0.004926221821697829
31000 0.004419266102180806
31050 0.00450371607329168
31100 0.004510427938930399
31150 0.004526740244098096
31200 0.004556585613534907
31250 0.004396253500165356
31300 0.004356352356069189
31350 0.004488826154968454
31400 0.004102266264386778
31450 0.004531140984663343
31500 0.004442753958942686
31550 0.004379591426059235
31600 0.0043878393098175554
31650 0.004593796847285315
31700 0.004696372984611909
31750 0.004500716680296353
31800 0.00449725409515337
31850 0.0041635667676764776
31900 0.0045587761392196354
31950 0.004236712124914211
32000 0.004473962258413176
32050 0.00450423982003644
32100 0.004242731844801738
32150 0.004440946555811288
32200 0.004418547081500194
32250 0.004665161297041588
32300 0.004149434029752521
32350 0.004391440902011433
32400 0.004363207018527622
32450 0.004121290180396055
32500 0.004222201620807154
32550 0.004341392095514539
32600 0.0042665650419743744
32650 0.004269404598915109
32700 0.004140736382820379
32750 0.00433332225240602
32800 0.004374309764146469
32850 0.004413098755153143
32900 0.004374277719216061
32950 0.004340437213961731
33000 0.004157729593357381
33050 0.0040277931913506055
33100 0.004455952527718819
33150 0.004252098206710705
33200 0.003997391003532413
33250 0.004157688200131055
33300 0.00404675011830282
33350 0.004296262263896602
33400 0.004064192179564288
33450 0.00435342681630886
33500 0.004068510914078637
33550 0.003985019921785675
33600 0.004536219381125147
33650 0.004362629764294637
33700 0.004383754710549826
33750 0.00415348209396022
33800 0.004247721719254686
33850 0.004335627158264444
33900 0.004212020085140849
33950 0.004191974074848094
34000 0.004164114042344277
34050 0.0043182174559428955
34100 0.004387746081963188
34150 0.0042372392509963976
34200 0.004351312972024109
34250 0.004374828156850579
34300 0.004150623558400417
34350 0.004032222386701124
34400 0.004197705035113068
34450 0.004114803412103232
34500 0.0043798112445991135
34550 0.003961381139144876
34600 0.004044485711930499
34650 0.004343243799414145
34700 0.0038029447757888333
34750 0.004196651152139752
34800 0.004071660780194582
34850 0.004015938344132491
34900 0.004157404402761897
34950 0.004116964087266506
35000 0.00436825447891962
35050 0.0039482935477051315
35100 0.0043223533582847406
35150 0.00415635215493826
35200 0.00400029835157321
35250 0.00421142788763251
35300 0.004050897496990925
35350 0.004073997278478449
35400 0.0038793965787236946
35450 0.003840614202784289
35500 0.0038623012061856856
35550 0.0039346097959678545
35600 0.004098016584481605
35650 0.004266605966387233
35700 0.004156392727960765
35750 0.004322409254986047
35800 0.004038533450218227
35850 0.004434034804810199
35900 0.0043153101354724095
35950 0.004307148936613007
36000 0.004189280942835647
36050 0.003937671743741301
36100 0.004157581687231439
36150 0.0041043819494101675
36200 0.003995675431804926
36250 0.004168979636620007
36300 0.004113955479341445
36350 0.004109428080404608
36400 0.00428138879725819
36450 0.004117860623383786
36500 0.003956402333772178
36550 0.004233364394660859
36600 0.004093171560337311
36650 0.004229029497013514
36700 0.004535181369867757
36750 0.0040441515423605325
36800 0.0040863843106433585
36850 0.003892303254214995
36900 0.003951927917341656
36950 0.004193179728626508
37000 0.003890241150939817
37050 0.004037215206166342
37100 0.004085712887887682
37150 0.0038181191824804457
37200 0.00371757073919836
37250 0.003923070254779746
37300 0.00398474412867517
37350 0.004025340785820557
37400 0.004175571572402693
37450 0.004059534118540422
37500 0.004210194701201448
37550 0.003978165271205077
37600 0.004138586892352792
37650 0.004106886981903899
37700 0.0038541726946916314
37750 0.004128519255511233
37800 0.0041205375530037995
37850 0.003948977955629391
37900 0.004073205119509089
37950 0.0035075760436571
38000 0.00387181514306358
38050 0.004112773413984385
38100 0.003975774297175108
38150 0.0038715956219877302
38200 0.004003520746575062
38250 0.003974919268381699
38300 0.0038503963656244516
38350 0.003966307727631244
38400 0.004072443499993162
38450 0.004014289281818341
38500 0.004253839890539059
38550 0.0038294449456965757
38600 0.0036671166370832124
38650 0.0037740705002692275
38700 0.003925709977367802
38750 0.0038360074386896534
38800 0.003868560293640956
38850 0.003626214534912996
38900 0.003817836325899729
38950 0.0038249248934573822
39000 0.003956890929842786
39050 0.0034877120750721547
39100 0.003629504074541936
39150 0.0035838855978984523
39200 0.003924998605165214
39250 0.003678787413937764
39300 0.003707840293225227
39350 0.003700494743860037
39400 0.0037239511939675916
39450 0.004084975343227572
39500 0.003977258204254204
39550 0.003750926440794923
39600 0.003999045379819187
39650 0.0037360449294268515
39700 0.003660694394195777
39750 0.0037154935807769845
39800 0.003961723918136286
39850 0.0036832303136234822
39900 0.0037288047334934895
39950 0.003853977490008254
40000 0.0038100632079941703
40050 0.003912049993282909
40100 0.00368128867755663
40150 0.003991097572543945
40200 0.003876008045978491
40250 0.003749713823468626
40300 0.003614342306467812
40350 0.003647997761550543
40400 0.003781440052123168
40450 0.0039514743613226514
40500 0.003665874774246538
40550 0.0038697865210556735
40600 0.003689539077517775
40650 0.003907775946350526
40700 0.0037096586253387094
40750 0.0037211635519292787
40800 0.003742554579581405
40850 0.0036954793400238205
40900 0.0036281752461409353
40950 0.003650370327342987
41000 0.0035874489058674267
41050 0.003698676168205024
41100 0.003771367221480757
41150 0.0038661916912281426
41200 0.0037851691426372806
41250 0.0034715241048530387
41300 0.0036696010920465026
41350 0.0038828966943266464
41400 0.003731035990201127
41450 0.0036627676586365567
41500 0.0038357311726402456
41550 0.0037297745277626196
41600 0.003689738847241379
41650 0.003955212935968553
41700 0.0037486148481588335
41750 0.004028889056297157
41800 0.0032842640938959907
41850 0.0036828674460006633
41900 0.0035613393162073105
41950 0.003698715986317858
42000 0.003468764302036771
42050 0.0037204691745457287
42100 0.00369275455961855
42150 0.003855674786706264
42200 0.0035064303884791894
42250 0.0037944905201097237
42300 0.003817476661198625
42350 0.003679539805905758
42400 0.0037300032877218368
42450 0.003861933793249126
42500 0.003696883024981557
42550 0.0037125851199018636
42600 0.0036091613138443924
42650 0.003805844042228432
42700 0.003365824440500024
42750 0.0036545198254983634
42800 0.0037065867274588375
42850 0.003624054014572707
42900 0.0038366246485133162
42950 0.00345275795018246
43000 0.0037682163699935857
43050 0.0036740702149233922
43100 0.0038815401864996787
43150 0.0038107622535606435
43200 0.003683980905170511
43250 0.0036861397239763708
43300 0.003651378196861268
43350 0.0034739687429729597
43400 0.0037422987758747328
43450 0.0037392649441767697
43500 0.0035248581452567568
43550 0.0037640621251018233
43600 0.0036464799706394544
43650 0.003858273511061855
43700 0.0036929511635392666
43750 0.003565763897388293
43800 0.00347788229501563
43850 0.0035745998851316727
43900 0.003538975591609305
43950 0.0037321058536618464
44000 0.0036731491709599768
44050 0.003974884087375645
44100 0.0035322843532576156
44150 0.0034626294416450184
44200 0.0036417658949070863
44250 0.003624837353484529
44300 0.0037324428272377686
44350 0.0033700756044626285
44400 0.0034839629553770303
44450 0.0035753685624047237
44500 0.003616668377747391
44550 0.0034669660711679337
44600 0.0033738808114602654
44650 0.0036164882021725666
44700 0.0034305611669854393
44750 0.003500117805732051
44800 0.003418851030013502
44850 0.003601024320174448
44900 0.0037080554344706175
44950 0.0033637514585964255
45000 0.0036165867129655245
45050 0.0035029522277933065
45100 0.0034919521208264317
45150 0.0032979057978129605
45200 0.0035558213091305547
45250 0.003811973225771104
45300 0.003817026985050292
45350 0.003567717973190789
45400 0.0034587433641834735
45450 0.0035521391962498885
45500 0.003320936760154793
45550 0.0035753655617814734
45600 0.0033991303963185745
45650 0.0035834860017782515
45700 0.003549093202996968
45750 0.003596440591054775
45800 0.0033750227367870234
45850 0.003507662740533128
45900 0.003464168169512766
45950 0.003502270031887364
46000 0.0033853796862986295
46050 0.003469463582780829
46100 0.0034648797252172328
46150 0.003521025870712169
46200 0.0037611939456853615
46250 0.0035658169584024428
46300 0.0035313981266073954
46350 0.00361305573543739
46400 0.003448090100431813
46450 0.003595821244221107
46500 0.0035943191990213987
46550 0.003455607149388376
46600 0.003516601048732515
46650 0.0033919726297301812
46700 0.0036411732305983695
46750 0.0036006650306950505
46800 0.0034296957859879995
46850 0.0035204970816619
46900 0.0034586456417606184
46950 0.0033982497513374323
47000 0.003527440279357245
47050 0.003610818831151902
47100 0.0034437353875759738
47150 0.003351406581820095
47200 0.003578515862722966
47250 0.003425998359870551
47300 0.0032957357994987547
47350 0.003522116254834814
47400 0.003468257322807151
47450 0.0035574644791858422
47500 0.003338703433433825
47550 0.003412919989726797
47600 0.0033719895412913535
47650 0.003395721062975811
47700 0.0035034753075786455
47750 0.003555128680788945
47800 0.0035046695877842785
47850 0.0034153485131150924
47900 0.0035501689833424247
47950 0.0035159993413050733
48000 0.003504269373125891
48050 0.0035083429748070153
48100 0.0034130725344837473
48150 0.0034279099585637477
48200 0.0032906706787696216
48250 0.003302289651502638
48300 0.0035786523692060827
48350 0.0033393440718974695
48400 0.0034383405544279417
48450 0.0034687898198203213
48500 0.0033533822296619295
48550 0.0035026569311692093
48600 0.003350344342708983
48650 0.0033114811729055035
48700 0.003536558162766693
48750 0.0035937398777173934
48800 0.0034909508611467776
48850 0.003380015534151434
48900 0.0034778246270168373
48950 0.0034620446821163504
49000 0.0035002002799327074
49050 0.0034448506231932307
49100 0.0034162501052137895
49150 0.003179558658522819
49200 0.003317339126899243
49250 0.0033087260725804587
49300 0.003516926989841481
49350 0.0032682611195258026
49400 0.003429670521098666
49450 0.003309520853885635
49500 0.0033718845269739327
49550 0.0033590032656490134
49600 0.003328091490863458
49650 0.003588413755924101
49700 0.0033995601305171477
49750 0.003297302626274447
49800 0.003279394011686891
49850 0.0033009239116145875
49900 0.0032714754715235466
49950 0.0034564252049305967
50000 0.0034127493211824882
