50 0.7097396752508706
100 0.15347295624994167
150 0.14924522971547452
200 0.16645172624048865
250 0.1356332727363865
300 0.08476718475011295
350 0.07624458182427925
400 0.07664963018306754
450 0.08736824491734879
500 0.07641014470973043
550 0.0960463300359126
600 0.05905945897034299
650 0.06903562083051584
700 0.051870223400222654
750 0.051249056863163514
800 0.05540765066957721
850 0.049586055553269524
900 0.04999160085953094
950 0.0384663545668003
1000 0.054864250392608095
1050 0.05048750636756189
1100 0.056511894208269124
1150 0.050031779424616944
1200 0.05120632352897095
1250 0.05048691672204393
1300 0.06649192256579735
1350 0.04755716439426101
1400 0.05332477523048557
1450 0.03288733637405011
1500 0.045939408484906845
1550 0.051026099971212935
1600 0.06282402962085128
1650 0.03381519827653352
1700 0.05153844920244058
1750 0.045299677927911765
1800 0.05310551632801551
1850 0.041255581954366294
1900 0.049681644050470083
1950 0.04728562482464782
2000 0.054070229952030896
2050 0.04383174888912641
2100 0.03736921619820252
2150 0.04123796845386553
2200 0.09285869078710784
2250 0.05073789762466463
2300 0.04738378222326025
2350 0.05026843183896207
2400 0.05503817346651643
2450 0.04151820252028777
2500 0.039582424683897256
2550 0.04253240895639121
2600 0.08638139611860471
2650 0.04691268854845532
2700 0.04165198520949014
2750 0.03773444204783062
2800 0.027767399581959923
2850 0.038582607970106396
2900 0.03617444305697401
2950 0.045196346497151936
3000 0.03674502628758579
3050 0.040623638324005125
3100 0.07480951385745772
3150 0.03953070828237766
3200 0.04014900660949387
3250 0.03688347770578469
3300 0.026312852899214974
3350 0.03597688062261837
3400 0.0342788732914019
3450 0.03900491622589605
3500 0.03160449861872565
3550 0.026956893081543015
3600 0.03800379961154637
3650 0.0339275339017237
3700 0.024775957064370507
3750 0.024745315503879553
3800 0.03240150534174011
3850 0.032242683715210094
3900 0.03275262115586711
3950 0.0408401457619951
4000 0.07890570896749444
4050 0.027895690529648135
4100 0.03173137171777909
4150 0.031856670583443124
4200 0.07693890701672354
4250 0.034953455220486075
4300 0.02314791807742504
4350 0.025782667153274673
4400 0.028763371903885494
4450 0.021512526217681547
4500 0.027813490306891554
4550 0.02868323557541365
4600 0.021409954436734248
4650 0.02684319758737371
4700 0.02802133195931332
4750 0.027267576707521328
4800 0.027240143973564526
4850 0.026168316845072127
4900 0.03001027086693437
4950 0.026965144042970908
5000 0.026647783069210926
5050 0.027487349133206718
5100 0.023399719103542247
5150 0.02637975743511632
5200 0.024914405577466558
5250 0.02521489586224579
5300 0.026445273368716823
5350 0.02465015392871818
5400 0.02637745364420555
5450 0.02400412059650983
5500 0.023652052864013166
5550 0.024758234952812163
5600 0.025651905011511017
5650 0.022578241972084807
5700 0.024460136549574713
5750 0.023149195094695128
5800 0.024854901206795905
5850 0.02198880314551621
5900 0.023776799464765564
5950 0.0219606349978146
6000 0.021183549952998818
6050 0.021760595313598818
6100 0.02228633378500186
6150 0.020890729776984994
6200 0.020943459978145867
6250 0.021170941281403618
6300 0.04323267497445421
6350 0.022962443979300445
6400 0.020049781618733803
6450 0.023001294090274006
6500 0.020763754858091794
6550 0.01772193547954585
6600 0.01776398379305341
6650 0.0180265347926614
6700 0.017460685968357387
6750 0.01934168488432319
6800 0.019788243676803836
6850 0.01980887680367635
6900 0.018760566372909016
6950 0.030192716381894406
7000 0.021188305566319003
7050 0.018666296302023645
7100 0.015162509401555578
7150 0.02357336077186811
7200 0.017449057366007017
7250 0.01792126444774219
7300 0.014890938898547425
7350 0.013487348909334075
7400 0.026320233272487482
7450 0.01805854298388244
7500 0.015047514887111044
7550 0.017573772144866977
7600 0.0162048641704146
7650 0.01865228852313127
7700 0.017644764508712874
7750 0.011573016931267192
7800 0.018598987915205742
7850 0.016561374866103398
7900 0.01580545359549692
7950 0.015920595366814415
8000 0.017120994973238792
8050 0.016790141420849534
8100 0.01849606308242056
8150 0.016328287277246098
8200 0.015711433544714503
8250 0.019269752035127947
8300 0.010795425448722187
8350 0.01708357497376518
8400 0.012632867261505037
8450 0.014752565977280942
8500 0.012479681060212492
8550 0.017267097603925027
8600 0.02553791217673234
8650 0.012929668458391315
8700 0.01406197173103265
8750 0.0154484855531527
8800 0.01985716884918082
8850 0.015178852889989809
8900 0.014062956826481971
8950 0.012744636558531303
9000 0.018991863803877466
9050 0.014387939606117995
9100 0.014983209314784108
9150 0.014532056794358008
9200 0.012726555817066684
9250 0.01453235248662364
9300 0.018264659704180793
9350 0.016120370646559315
9400 0.011537390194287374
9450 0.014657701133385756
9500 0.04048990273838409
9550 0.014325606745829745
9600 0.01538650929256404
9650 0.023178492534926237
9700 0.011617194158789949
9750 0.013808520293065368
9800 0.008819610955204733
9850 0.017158895267034943
9900 0.02020211936750177
9950 0.01297664929824242
10000 0.010659837665667323
10050 0.013275411040268921
10100 0.0134210568834721
10150 0.012670989499448252
10200 0.01324091887763239
10250 0.012666633244362516
10300 0.012007139234334937
10350 0.012342487734974336
10400 0.012032999037681798
10450 0.012472980549012793
10500 0.012141060898886481
10550 0.01204080334009362
10600 0.013799661612413848
10650 0.011688444376069657
10700 0.011956188087305556
10750 0.011930509890984238
10800 0.011553489460216167
10850 0.01256469046522179
10900 0.011824562396236998
10950 0.012564275302338335
11000 0.012206362456263725
11050 0.012083353907070484
11100 0.012503015357564803
11150 0.012415713585768132
11200 0.011714439064692807
11250 0.012476360047060655
11300 0.014750489583179602
11350 0.008890873908310929
11400 0.012890653252879176
11450 0.036146652485980826
11500 0.010409505395368092
11550 0.010875624052748771
11600 0.009972731454935725
11650 0.011882246327007415
11700 0.011072813368814705
11750 0.012970161065965696
11800 0.011909755626913937
11850 0.011559011641346734
11900 0.007854859465917999
11950 0.012384512130997186
12000 0.01094638733242217
12050 0.011073235769275977
12100 0.010838726722417966
12150 0.008675412571604419
12200 0.01069863604709275
12250 0.01087580400403623
12300 0.008891199017794399
12350 0.009173682280001353
12400 0.02539433892592186
12450 0.011405455883215104
12500 0.012400583685510124
12550 0.01355941286395246
12600 0.010462526474803424
12650 0.0066135953243060975
12700 0.012040842299187908
12750 0.010949443610980408
12800 0.008900198872723898
12850 0.010353073274658106
12900 0.019122369403021113
12950 0.01217779381166089
13000 0.014306923730485558
13050 0.009441400611846982
13100 0.011042846131243258
13150 0.010140761397841182
13200 0.014321833208899189
13250 0.010340771549957354
13300 0.010251715757205002
13350 0.017797139436972375
13400 0.0068864071661614455
13450 0.009944787354320726
13500 0.011326754521394857
13550 0.02137797880947465
13600 0.012440850593038512
13650 0.009764546400347676
13700 0.009299417571245307
13750 0.008963477726859535
13800 0.019693004173171626
13850 0.010943229342454895
13900 0.009825094592449155
13950 0.00997484380582826
14000 0.021447158055840108
14050 0.011287626887553628
14100 0.009635087032662273
14150 0.01449769618768135
14200 0.011504490340705073
14250 0.014513342127715384
14300 0.009669469608508207
14350 0.016062581326085287
14400 0.01301189967236933
14450 0.013672611407000884
14500 0.014016099676411998
14550 0.01020058285707763
14600 0.009026255529247684
14650 0.011582329870005624
14700 0.00739223286177142
14750 0.010500596230035164
14800 0.031077761534193424
14850 0.009625159784720828
14900 0.010193603672172763
14950 0.006394380824288009
15000 0.009463572713344618
15050 0.009786482908711525
15100 0.009948674975611825
15150 0.00979598921387447
15200 0.00969292746479724
15250 0.009576584342332795
15300 0.010036609433545571
15350 0.009868273213065697
15400 0.009734521315959373
15450 0.00999598947761956
15500 0.009937687646758857
15550 0.009512704931483647
15600 0.009880943308759868
15650 0.009807410577747167
15700 0.009298937139141187
15750 0.008867149595310533
15800 0.009622550781173158
15850 0.009632128151649624
15900 0.009481383121367797
15950 0.009560176489168083
16000 0.00947855544547586
16050 0.01006845730459128
16100 0.009473063382125429
16150 0.010394969334996047
16200 0.010083603093384366
16250 0.00974867198747131
16300 0.009252842542298379
16350 0.009337337788226553
16400 0.00976266932001484
16450 0.010815174307997692
16500 0.008488894230201095
16550 0.009099330938956063
16600 0.009322057803479021
16650 0.009702465965285179
16700 0.0116726175453779
16750 0.011113581168074461
16800 0.009850851256188665
16850 0.009242760230857941
16900 0.008928151120107636
16950 0.008170451324000695
17000 0.008160096849710433
17050 0.006166363323654727
17100 0.009978559813051454
17150 0.005779930721513498
17200 0.00909943955131594
17250 0.013606424457723268
17300 0.00962104329918312
17350 0.012042878618673427
17400 0.009732640245783384
17450 0.00848945595267837
17500 0.021857760302923142
17550 0.008665877616675345
17600 0.009418732858124017
17650 0.008545224496265562
17700 0.013256643566585978
17750 0.009493319627490483
17800 0.008578166035459496
17850 0.005492854970995429
17900 0.010238209606583856
17950 0.012161714922764624
18000 0.00877600765696891
18050 0.005786604111027646
18100 0.009752210535783293
18150 0.012542877985537939
18200 0.008420795163336445
18250 0.006163873444120094
18300 0.009972723312141602
18350 0.013052190104969101
18400 0.013033621092569584
18450 0.009409076722392998
18500 0.007718645606067894
18550 0.01047026131690672
18600 0.007919044188385469
18650 0.007618903771230665
18700 0.009676393083271914
18750 0.009210454308653023
18800 0.01341710433234927
18850 0.008726744454175863
18900 0.005608988158322124
18950 0.00841607915938178
19000 0.0086835405328535
19050 0.009371529967619977
19100 0.013696090004383892
19150 0.008372731556804184
19200 0.008299063760555106
19250 0.008744592059199259
19300 0.008635339996554709
19350 0.007105704948103605
19400 0.008321115666985705
19450 0.008911047777734875
19500 0.01216059187856547
19550 0.005572646669010273
19600 0.009752730968549807
19650 0.008932931698688834
19700 0.01454829760998769
19750 0.00925053819121829
19800 0.009037091278306819
19850 0.008377705107679852
19900 0.008824716862807646
19950 0.0091344758847138
20000 0.00845585838945867
20050 0.008723589536214348
20100 0.009019638312752539
20150 0.00855222082344071
20200 0.008297347159680914
20250 0.00870724856958309
20300 0.008152881075623909
20350 0.009346979993704924
20400 0.009212358263320028
20450 0.008336164363412066
20500 0.008847120985903432
20550 0.00814107895241656
20600 0.008723379830251404
20650 0.008848285921637295
20700 0.007921345577473446
20750 0.008506931855262018
20800 0.009071404296693881
20850 0.009031259243928086
20900 0.0087443696329884
20950 0.008713674785229136
21000 0.008475615265241813
21050 0.008438735393325823
21100 0.008718158988003993
21150 0.009224007672322527
21200 0.008531401532975469
21250 0.008767585204119523
21300 0.008687049445384674
21350 0.008177503653120838
21400 0.00840621503277757
21450 0.008111680435488428
21500 0.007300695700626845
21550 0.010219227069213091
21600 0.007665586346938374
21650 0.0076425384914249024
21700 0.009265923032902386
21750 0.010807622854378252
21800 0.00827445235208242
21850 0.007897321650302366
21900 0.007993747136037916
21950 0.011878250424417792
22000 0.008283150972418114
22050 0.007741268741189435
22100 0.010805419241907609
22150 0.0071674335034127845
22200 0.011131572096145423
22250 0.008689427202810013
22300 0.009023583922375648
22350 0.008670280699645478
22400 0.007742805672067425
22450 0.005416736730550039
22500 0.008508513314158358
22550 0.00852750980363753
22600 0.00835555797086379
22650 0.007163483177355851
22700 0.007837654082815762
22750 0.009221245213874728
22800 0.009530727823946674
22850 0.007631804527261981
22900 0.008308929840908537
22950 0.008658710945365373
23000 0.00882602070920821
23050 0.007947726507019852
23100 0.008199167437179338
23150 0.008017437641272806
23200 0.009781496244933439
23250 0.008035393431157695
23300 0.008101525464745825
23350 0.007379960057243121
23400 0.00756389057793804
23450 0.010094977420170867
23500 0.00886770590890128
23550 0.009431217361625275
23600 0.009809073874518279
23650 0.007849462015667882
23700 0.009745778243252333
23750 0.008650317150589228
23800 0.008217572740164953
23850 0.006924214205320183
23900 0.00990479192088319
23950 0.007155900956378311
24000 0.007846919557110142
24050 0.008254304830342176
24100 0.008557904738396101
24150 0.005566125034091317
24200 0.008571308618831304
24250 0.008742936378110178
24300 0.007184001307847282
24350 0.006832465727970686
24400 0.0063848258022365795
24450 0.007916586680788809
24500 0.008160973511130997
24550 0.009106461754913375
24600 0.007173039521286649
24650 0.0073471794541734
24700 0.009435400279249441
24750 0.007706322539086526
24800 0.007846802886958049
24850 0.008876112877617925
24900 0.00714126506334518
24950 0.008966311183968914
25000 0.00797467318385131
25050 0.008107009635829455
25100 0.007849279670152642
25150 0.007900486880159938
25200 0.00761534995112948
25250 0.008604645215212038
25300 0.008033577011753657
25350 0.007956648042125739
25400 0.007913088092603026
25450 0.00802126565742612
25500 0.008129293735985322
25550 0.00793145883751649
25600 0.008172413914693139
25650 0.0077101419678571375
25700 0.00738880065765525
25750 0.008074996653950771
25800 0.008309295062892283
25850 0.008057646099684675
25900 0.007988507982207503
25950 0.009050150941813126
26000 0.007729458826678792
26050 0.007950127873119306
26100 0.008060166978811623
26150 0.007923861256693119
26200 0.008180330630723527
26250 0.00784526409768593
26300 0.00819911576131554
26350 0.007550583364534681
26400 0.007628427285868619
26450 0.007975632288353105
26500 0.007150246774210323
26550 0.007476634637588786
26600 0.006963104001154442
26650 0.007140745230905368
26700 0.007307402881615876
26750 0.007679783742299599
26800 0.008571093003271139
26850 0.008760024829178653
26900 0.007288176546974697
26950 0.009601740680503451
27000 0.007643970649573935
27050 0.007058316853890304
27100 0.0087956254106404
27150 0.007997144181492506
27200 0.008228406703076738
27250 0.007723599295890951
27300 0.00848160691841262
27350 0.007628378826148056
27400 0.007235251133311641
27450 0.0066146399867035
27500 0.007798378021326635
27550 0.00766701065888259
27600 0.007890660921568865
27650 0.0073466803982286735
27700 0.006874304634055491
27750 0.0066502906117571715
27800 0.007571928533237893
27850 0.007403034050817505
27900 0.008171160853324928
27950 0.008883422383270764
28000 0.00881680772725433
28050 0.008009323163384418
28100 0.007507481589830443
28150 0.008245805337496567
28200 0.007881926314566908
28250 0.007905774618778104
28300 0.007401283694182725
28350 0.0071739114186286515
28400 0.009839413775003043
28450 0.007971765337530709
28500 0.007963369263655613
28550 0.007274819653905665
28600 0.008184923822911224
28650 0.007516951896489713
28700 0.0081805482603734
28750 0.0073793804152478895
28800 0.007493088094138257
28850 0.007634168746533007
28900 0.007489430253368264
28950 0.006908417115659903
29000 0.007316977591885881
29050 0.006938821889688464
29100 0.008414196798573558
29150 0.007278933373173279
29200 0.007592357193757492
29250 0.007574150793609089
29300 0.008334148279682478
29350 0.008392908498553864
29400 0.0074120530814924274
29450 0.008266012693710316
29500 0.007599010287433602
29550 0.00825034348391674
29600 0.008225822961359801
29650 0.007924120284354998
29700 0.006628820909538314
29750 0.008238483486701833
29800 0.007634895999137822
29850 0.007851789612270347
29900 0.00718362774387177
29950 0.006714296600164797
30000 0.007544095915932345
30050 0.008131634469587042
30100 0.007026655589193873
30150 0.00738014845611801
30200 0.0072818577115161265
30250 0.007424420815897299
30300 0.007245664114617558
30350 0.007751101624136111
30400 0.007541974950963641
30450 0.007352540783599229
30500 0.007982235807884118
30550 0.006996786272685306
30600 0.007555364589726213
30650 0.007502361144781548
30700 0.007145639462560389
30750 0.007707749717524377
30800 0.007581646345664575
30850 0.007279244770844429
30900 0.006954436126516695
30950 0.007657894044309172
31000 0.007595581626396124
31050 0.007632065825323165
31100 0.007667817834977918
31150 0.007579000962577628
31200 0.008131471251518705
31250 0.007319564581769022
31300 0.007689817468282416
31350 0.00732483517192085
31400 0.007419734322336765
31450 0.00763081418443492
31500 0.00715962420819264
31550 0.007377019843709907
31600 0.007521048034126369
31650 0.007676223279296228
31700 0.007734459070175225
31750 0.00790044302128183
31800 0.0075633724604399965
31850 0.007403803441816181
31900 0.007560164332863641
31950 0.007242119698389704
32000 0.007303823473378935
32050 0.007534903572394946
32100 0.00785372540255902
32150 0.008637251303178942
32200 0.00722577355694635
32250 0.007089834740867505
32300 0.007313381758978216
32350 0.0073003166495492966
32400 0.007282660713635457
32450 0.007784669220003817
32500 0.007575363074694235
32550 0.008089683991248474
32600 0.0073071709899642165
32650 0.008391594517937558
32700 0.007041734372731959
32750 0.0077493007741049336
32800 0.007724783885053302
32850 0.007910926912317356
32900 0.007297189348184024
32950 0.007346926271520839
33000 0.007352100445549678
33050 0.007878567350917064
33100 0.007953132770375385
33150 0.007416616503479375
33200 0.007381297489192652
33250 0.007124459250919009
33300 0.0070866099948907494
33350 0.007717259240147259
33400 0.0070159007143940025
33450 0.00747418620727005
33500 0.006946724700849451
33550 0.006497462963818273
33600 0.006875385513342838
33650 0.0070777457569240745
33700 0.007402533177349544
33750 0.007058076930722849
33800 0.007513279530516826
33850 0.007660189609000132
33900 0.007874118178075406
33950 0.007119414167542897
34000 0.007899329670495113
34050 0.007403169803645856
34100 0.00777436176746456
34150 0.007337207424541519
34200 0.006777366093166594
34250 0.007236941459247569
34300 0.007148940055547775
34350 0.0075914830982113865
34400 0.007034308478377049
34450 0.007735708606057342
34500 0.0071156799196795285
34550 0.00811983133019463
34600 0.007374169036629264
34650 0.006954630229337442
34700 0.00697073845986309
34750 0.007658190967538455
34800 0.007308990451285351
34850 0.006913401375376398
34900 0.007270474574909269
34950 0.006617575391464096
35000 0.0077181482730059835
35050 0.007121209761220313
35100 0.007230677015298597
35150 0.007560380849949504
35200 0.007381850293444327
35250 0.006930906181724407
35300 0.007228126433348943
35350 0.0071408690555865555
35400 0.007175481337347098
35450 0.00688128632489752
35500 0.007776131707437435
35550 0.007229882873079217
35600 0.0070941214187347085
35650 0.00707181453415272
35700 0.006876797438370766
35750 0.0068729019812419235
35800 0.006988963582914162
35850 0.007352661515816733
35900 0.007050235697946055
35950 0.006888975898818926
36000 0.007789831612863956
36050 0.00667808753278414
36100 0.006810353623113108
36150 0.007046644967717671
36200 0.006699803542915156
36250 0.007139902378209337
36300 0.007350908581030658
36350 0.006669193705627029
36400 0.007499369442611877
36450 0.007337914043836452
36500 0.0065191412442825395
36550 0.006948572703496459
36600 0.007009337029320162
36650 0.006890574284508834
36700 0.006703021189421915
36750 0.007010750487602848
36800 0.006681265156933393
36850 0.007349725061359713
36900 0.00698469184281616
36950 0.0069622296595889
37000 0.006960063449365177
37050 0.007097706063223238
37100 0.006882398554196171
37150 0.007100307649658853
37200 0.007046251274215285
37250 0.006962294931463401
37300 0.007002685815491664
37350 0.006971025035142819
37400 0.007115230865648419
37450 0.006735166007522831
37500 0.006918456623209472
37550 0.00688541790833178
37600 0.007353599882509087
37650 0.006828261241567558
37700 0.007236722841503625
37750 0.006877995092205512
37800 0.006995981799912926
37850 0.00685026908137609
37900 0.0067598655681754
37950 0.006957486123802528
38000 0.006908456500980391
38050 0.006890757341537929
38100 0.0069366878405005715
38150 0.00722368857881824
38200 0.006773050611477061
38250 0.006768524041677595
38300 0.0069493965146734836
38350 0.006890873339843508
38400 0.006966021111054817
38450 0.00674622466975678
38500 0.007202671722156063
38550 0.0073914092569922546
38600 0.00656508537159929
38650 0.006906502914448573
38700 0.00648749218457677
38750 0.0070699868975699735
38800 0.006698156348117457
38850 0.00663417569631637
38900 0.007389675606052579
38950 0.006575352926773483
39000 0.006705100303223852
39050 0.006738551746205893
39100 0.006748456280251487
39150 0.0067583021007904375
39200 0.006861368644148281
39250 0.006891539221330602
39300 0.006968981977242802
39350 0.00730505119006063
39400 0.007070730556866154
39450 0.006927292799728327
39500 0.007245194515382919
39550 0.007186522273837334
39600 0.0070121125188995345
39650 0.006544205612277964
39700 0.00684438998318769
39750 0.006834144148250504
39800 0.006469941001459533
39850 0.00694961229603538
39900 0.006840166551766249
39950 0.006890807332937498
40000 0.0068883514294407425
40050 0.006786552621778295
40100 0.006608824728055955
40150 0.006824501908646208
40200 0.006674081463346107
40250 0.006639773834679796
40300 0.006650668466710461
40350 0.00681357330931536
40400 0.0069210618119991685
40450 0.006821236722401829
40500 0.0064022498423685105
40550 0.006894466785534889
40600 0.0066832412886996245
40650 0.006996836871593504
40700 0.007188857921331071
40750 0.006496124757748245
40800 0.006809893027805713
40850 0.006811473859460776
40900 0.00675271239630337
40950 0.00668277309560522
41000 0.006754502305906488
41050 0.006933656083134087
41100 0.007118085192355771
41150 0.006430729429331804
41200 0.00656424838260029
41250 0.00688457118407018
41300 0.00692671768467491
41350 0.006581991116686868
41400 0.007049537394306811
41450 0.006748764385615326
41500 0.007057161466377568
41550 0.006876448745679175
41600 0.006618553367799361
41650 0.00694063789015042
41700 0.006859417756430772
41750 0.006295190918715743
41800 0.006927979556980924
41850 0.007139065072482209
41900 0.0067861340084134514
41950 0.0066820738506309894
42000 0.006810863472665946
42050 0.007214190684959836
42100 0.006973731747311555
42150 0.0066506142392926985
42200 0.006716988920431492
42250 0.006989059974379118
42300 0.0072531163333036455
42350 0.006975727220612862
42400 0.006612213439247132
42450 0.006915525770301298
42500 0.006754247220404796
42550 0.006647028596781928
42600 0.007301221701524269
42650 0.006785052566201727
42700 0.006795096264602116
42750 0.006903220138986524
42800 0.006390591793155391
42850 0.006481640432024211
42900 0.006947967755196886
42950 0.006387442826607281
43000 0.0067799384532526985
43050 0.0067545447832835104
43100 0.006657900023698059
43150 0.006979693498109177
43200 0.006773784477707189
43250 0.0069548150351804
43300 0.007015013539575077
43350 0.006839701263358423
43400 0.00667707734972669
43450 0.00666960375244326
43500 0.006701476217518457
43550 0.0068703966575526755
43600 0.007086219896204726
43650 0.006909418432976928
43700 0.006335725139704647
43750 0.0066900980544980625
43800 0.006898426652360069
43850 0.0066236200827416904
43900 0.006447778769268498
43950 0.006484472718225653
44000 0.006734913697810805
44050 0.006947928829602597
44100 0.00634403528503039
44150 0.006287665869110076
44200 0.006665774305750618
44250 0.006667469858042436
44300 0.006884130280083851
44350 0.006640322729369958
44400 0.006849477754030381
44450 0.0066249325759942515
44500 0.006585540451974184
44550 0.006733922179422979
44600 0.006880792517148853
44650 0.006852257037898266
44700 0.006632644990446804
44750 0.006566439970844047
44800 0.006702750899614972
44850 0.0064482152605203425
44900 0.006801975180670557
44950 0.0069969905751455655
45000 0.006412427383726003
45050 0.006698496319823375
45100 0.006850844357909386
45150 0.006139552128787875
45200 0.00665180661610231
45250 0.006762600344353067
45300 0.006490330787551621
45350 0.0066387144177616235
45400 0.006622712456652577
45450 0.00634824490794016
45500 0.0065260759537610884
45550 0.006498456994648163
45600 0.00653685284916965
45650 0.006585169673579717
45700 0.006364851291739615
45750 0.006393292551934177
45800 0.006509368453091105
45850 0.006705782238696035
45900 0.006381607475493778
45950 0.006429526568538036
46000 0.0063614467667838315
46050 0.006482866859746477
46100 0.006509407427440554
46150 0.006494226321092087
46200 0.0064606293599828975
46250 0.006560405475174378
46300 0.0065886843833910785
46350 0.006955113386575812
46400 0.00670718326606243
46450 0.006457902967304632
46500 0.006520646403496109
46550 0.006539490502923063
46600 0.006153562231963837
46650 0.0064706186881742095
46700 0.006177771481021288
46750 0.006655335117624378
46800 0.006341727426094486
46850 0.006335084740215458
46900 0.006347548446771741
46950 0.006656360833410566
47000 0.006264171097940071
47050 0.0066503654419037194
47100 0.006633555398232228
47150 0.006754568411095135
47200 0.006341485107509752
47250 0.006539914927619813
47300 0.006759753815939298
47350 0.006474454612285459
47400 0.006541277842596826
47450 0.006806152157981711
47500 0.0067940565784772545
47550 0.006360982856239367
47600 0.006711420818266694
47650 0.006557357408724867
47700 0.006385867474650677
47750 0.006613591111540712
47800 0.006617404157421171
47850 0.0065241461937586
47900 0.0064637690318883065
47950 0.006377000896635676
48000 0.006799292904213883
48050 0.0067247442738735345
48100 0.00668830517778957
48150 0.006542765453407761
48200 0.006397055527588834
48250 0.006660428624780069
48300 0.006799201556541261
48350 0.006620750694669574
48400 0.006966416503086677
48450 0.006351208958173206
48500 0.006258865377042878
48550 0.006617086200743609
48600 0.0064758438755224135
48650 0.006588967895493689
48700 0.006310488334130209
48750 0.00648242401062515
48800 0.006539852696439419
48850 0.006546907425405244
48900 0.006735415917042184
48950 0.006975782447247762
49000 0.006482609411150345
49050 0.006523885793184567
49100 0.007052410419523059
49150 0.006736377547050436
49200 0.006533025663637715
49250 0.0066688644334257086
49300 0.006558650131712887
49350 0.006868688126218995
49400 0.006638816294295554
49450 0.006381740641651209
49500 0.0065290472798322525
49550 0.006496455050140754
49600 0.006317717613521547
49650 0.006227050901535651
49700 0.00713699034809784
49750 0.006705289021347686
49800 0.006394760279241811
49850 0.006328870533893533
49900 0.006320311656830384
49950 0.006553399014698207
50000 0.0065359181595097725
