50 0.1531375785721854
100 0.1511905482422599
150 0.13588880589407748
200 0.1657644977943861
250 0.10865429327938982
300 0.11116665697212874
350 0.09484531711198257
400 0.104978305339927
450 0.08883015512746563
500 0.08257104708273862
550 0.08818593311479468
600 0.08536243987283179
650 0.11784741667546006
700 0.06699800115015313
750 0.17654835752309464
800 0.06493322559546197
850 0.06635673719081248
900 0.16366842697403233
950 0.05939562279274541
1000 0.059615546907306895
1050 0.05516529403551641
1100 0.05710263275090988
1150 0.06002936971618263
1200 0.05455999524341237
1250 0.05315283116165599
1300 0.048721262464855086
1350 0.0500504640282989
1400 0.058817684434835815
1450 0.051359193099118974
1500 0.045999580350227075
1550 0.09595613721877974
1600 0.04563801244550176
1650 0.041276768757117596
1700 0.041849669319928735
1750 0.03624744045115362
1800 0.04089608470117211
1850 0.03608501930180224
1900 0.03341077988508392
1950 0.07696225599417561
2000 0.035760926859707914
2050 0.0311511005769057
2100 0.02967778775740984
2150 0.03081689227353559
2200 0.02797196322662581
2250 0.039800272179335926
2300 0.030220857290512427
2350 0.029324268366008273
2400 0.029099815922192348
2450 0.03164429427575643
2500 0.02655305227970806
2550 0.023956380979134398
2600 0.022999148136457554
2650 0.0585302354778748
2700 0.023473878215505638
2750 0.04509094318543833
2800 0.024027612537537532
2850 0.021358739531674303
2900 0.021978342380996274
2950 0.02482032911525425
3000 0.02090025164672887
3050 0.018722626409931345
3100 0.01926394486255307
3150 0.01905120544511116
3200 0.017376691060686292
3250 0.01648973803043754
3300 0.016068098631947324
3350 0.016038791037159234
3400 0.019677001974231955
3450 0.015630424162870124
3500 0.020001542235885954
3550 0.019230958832236345
3600 0.015725811494871348
3650 0.01429156607737535
3700 0.01433079559130977
3750 0.034944134935647964
3800 0.013916976162367926
3850 0.04134536690508542
3900 0.014515052897667009
3950 0.013079593865334761
4000 0.03326214070980911
4050 0.014040526189172859
4100 0.014503303770757453
4150 0.019530887683828376
4200 0.017741216548543725
4250 0.01392168079773813
4300 0.013826970730902294
4350 0.015634031685566496
4400 0.01699117677104868
4450 0.017434652062805842
4500 0.014633385399725023
4550 0.014512260444839487
4600 0.02866374371208972
4650 0.014766349275653443
4700 0.10727853885580405
4750 0.016415531435395137
4800 0.01511494826559371
4850 0.015619136691300987
4900 0.015601275176095223
4950 0.026216067555420122
5000 0.03731550461751787
5050 0.014916052651453286
5100 0.014672010727719164
5150 0.015119852228079392
5200 0.015107941583035984
5250 0.0143987256714753
5300 0.015303304261317523
5350 0.013318411091965443
5400 0.014838400699557875
5450 0.014301610440409987
5500 0.014318195724951206
5550 0.013923884402891764
5600 0.01400057859451616
5650 0.014288499727594786
5700 0.013575692351308814
5750 0.01388021455361921
5800 0.014508757252817093
5850 0.01293438317254572
5900 0.01343722282599509
5950 0.013892932186445169
6000 0.013001363671874745
6050 0.013680543372967759
6100 0.013203675583762859
6150 0.012031444838758676
6200 0.011951075469215625
6250 0.012265227193239456
6300 0.0122665358262149
6350 0.013382889853510112
6400 0.01308988378138555
6450 0.013091015306705445
6500 0.013148121575892697
6550 0.013109511443781044
6600 0.014580698376923239
6650 0.0123460379407429
6700 0.013479913308923612
6750 0.013272049026211234
6800 0.012763585424876092
6850 0.011356206781486283
6900 0.02593429947844195
6950 0.013337542583840267
7000 0.014303899125524334
7050 0.09001957821247965
7100 0.013146150559643075
7150 0.012581924101418916
7200 0.013184663774469953
7250 0.012783391643667921
7300 0.012958078115356646
7350 0.012479417249820253
7400 0.038174425224246224
7450 0.013712457514119517
7500 0.018977263844280955
7550 0.012812917581365105
7600 0.023530622541187974
7650 0.024268263849085696
7700 0.014350203603249168
7750 0.012741507349247769
7800 0.032526574336282366
7850 0.013138551763513976
7900 0.013219883947215558
7950 0.01334981002782004
8000 0.01291523195260647
8050 0.015780780430514094
8100 0.015254268645223976
8150 0.029834481358226243
8200 0.01304794840012444
8250 0.013040745048549797
8300 0.013175203828953552
8350 0.012129554348154043
8400 0.012640621617978897
8450 0.013208107038092387
8500 0.012654472474291982
8550 0.013325422099736396
8600 0.0142032583092903
8650 0.013532608090608
8700 0.02454397258595732
8750 0.014091830687695704
8800 0.017655699144172265
8850 0.030089258651600788
8900 0.013342416791504188
8950 0.013473650635887617
9000 0.025431088299400467
9050 0.019507949670723775
9100 0.013684858664304363
9150 0.012759521003048786
9200 0.015281941999762594
9250 0.012919011921310411
9300 0.016790034069701157
9350 0.014120055523243073
9400 0.015444910578152388
9450 0.012817040659678479
9500 0.01764806588650956
9550 0.013417440171117807
9600 0.01311655457301614
9650 0.012631676674288573
9700 0.013631464776831307
9750 0.014304431461153573
9800 0.01377476467208298
9850 0.013671155158564345
9900 0.01379485266994982
9950 0.012652545706731166
10000 0.013822467007503645
10050 0.013192208953652642
10100 0.013217366946221897
10150 0.013198175435142309
10200 0.012378900087977984
10250 0.013392259524800191
10300 0.013612007815451405
10350 0.012857047441056627
10400 0.012937360323347582
10450 0.012088218397890108
10500 0.011845703998204967
10550 0.012587146173796738
10600 0.012870915453295152
10650 0.012468573272227322
10700 0.012650673859917604
10750 0.012265943822207614
10800 0.011945589884550637
10850 0.011870640943537599
10900 0.012428182349009345
10950 0.011781120234231784
11000 0.011610577049189556
11050 0.01184520909217891
11100 0.012318764055382701
11150 0.011609525597638014
11200 0.011188900114732423
11250 0.012068510874701724
11300 0.018851402378255375
11350 0.010993501646794974
11400 0.011369732937672208
11450 0.01247289122862105
11500 0.011522478345161615
11550 0.011497098195900076
11600 0.015363796856880213
11650 0.011602742935932272
11700 0.010678294462159062
11750 0.014018557544869692
11800 0.010836740056846697
11850 0.011191964754127674
11900 0.016205090325019367
11950 0.011580573093111514
12000 0.013128470021354434
12050 0.011095749495698014
12100 0.011183886328935197
12150 0.011195175428817645
12200 0.012402932255808685
12250 0.010813231927116555
12300 0.011382797719130332
12350 0.010041529518920216
12400 0.011454872100562655
12450 0.01613834169645125
12500 0.011138608536330313
12550 0.010763143860307117
12600 0.015324064875270016
12650 0.01071960869641872
12700 0.010924684203794052
12750 0.011182241819854671
12800 0.010153651131497996
12850 0.010043315137258238
12900 0.011054470758935267
12950 0.010021357922894424
13000 0.010998457077250055
13050 0.01326127521794427
13100 0.020590587135170906
13150 0.010469564345669266
13200 0.011032608057734782
13250 0.00925559158819505
13300 0.010518398182411993
13350 0.01176949663119686
13400 0.009773577084971119
13450 0.01009434457253197
13500 0.014370447164514726
13550 0.009649037434320612
13600 0.0217630961681697
13650 0.013323875047647878
13700 0.009356936546052798
13750 0.010227892452229295
13800 0.01618425538626957
13850 0.01291947505164643
13900 0.00952262368992492
13950 0.00935249106440381
14000 0.010630806216960734
14050 0.009818407942010495
14100 0.009147912120632951
14150 0.010449243966262171
14200 0.010483275073638457
14250 0.018463034383574405
14300 0.010181653208379422
14350 0.009810276771265307
14400 0.012039789813293369
14450 0.009548796036926094
14500 0.010041278699911482
14550 0.009144745607378275
14600 0.009845241670754894
14650 0.012294866905634076
14700 0.009956408913611802
14750 0.009407554536044974
14800 0.019279352890779918
14850 0.009068647234583017
14900 0.009254882182607333
14950 0.010910253768629464
15000 0.011242318313719343
15050 0.009699428121121777
15100 0.009542275214718905
15150 0.009339274200088095
15200 0.009722688628416687
15250 0.009026539609826521
15300 0.008741911584503973
15350 0.009164223883944422
15400 0.009524543218328947
15450 0.009503031765637335
15500 0.008733317283622331
15550 0.009150958434878379
15600 0.009065790988458527
15650 0.008755380156945733
15700 0.009085227344658081
15750 0.008889132880127555
15800 0.00895783087577617
15850 0.00840136422475054
15900 0.008824715284161209
15950 0.00897702781787849
16000 0.009172914124127348
16050 0.008901557817830598
16100 0.00873592939288251
16150 0.008752939878763223
16200 0.008979759973127081
16250 0.008262154943036672
16300 0.008958259355850177
16350 0.007892994570958316
16400 0.008235208998233141
16450 0.007963044557671184
16500 0.009386992897626411
16550 0.010323608307774615
16600 0.008636839326297822
16650 0.007839814184394592
16700 0.0077907506920389365
16750 0.008106424190007146
16800 0.008814978414559086
16850 0.008809032728820382
16900 0.009318162594476173
16950 0.007436878128975615
17000 0.007449078374268508
17050 0.006900390106116714
17100 0.009104620849092993
17150 0.007772380498393922
17200 0.008237857094638226
17250 0.007027449651184568
17300 0.007328497000943486
17350 0.007771135138445378
17400 0.00766859911040313
17450 0.007460546072528552
17500 0.007311029023106644
17550 0.007713046801658938
17600 0.008777109245534305
17650 0.014874242468126303
17700 0.007632271012364476
17750 0.008206871500754425
17800 0.007473931315237847
17850 0.007327019674372585
17900 0.007746793256165764
17950 0.007417758558217693
18000 0.007170580953720269
18050 0.0068986142154474385
18100 0.006987983540464944
18150 0.008187070799865203
18200 0.007086999139792936
18250 0.0071095279624397
18300 0.015186690479281053
18350 0.007399446345152333
18400 0.0072327439591094765
18450 0.007428113120695901
18500 0.009536803117223137
18550 0.00867855524438987
18600 0.0067744585564826765
18650 0.0071743126657090985
18700 0.010043061816498151
18750 0.00642799128344913
18800 0.00773604789667678
18850 0.012648388317675965
18900 0.007252312725133644
18950 0.006581114112520564
19000 0.006720635213869931
19050 0.007023827006018043
19100 0.006767078003257535
19150 0.013995114296601639
19200 0.007626142939432989
19250 0.006483394685702457
19300 0.00649853887966477
19350 0.006765670832631504
19400 0.0061797040337612024
19450 0.01934758132936287
19500 0.006881372060316318
19550 0.0075754610133163276
19600 0.006746140776180824
19650 0.0066837174174630655
19700 0.006806208692936459
19750 0.012778459657655703
19800 0.005802160990572628
19850 0.005951100830141391
19900 0.006622792202669663
19950 0.010277424927481826
20000 0.006222206262798054
20050 0.006035633116476964
20100 0.006514576847058397
20150 0.00601605280705867
20200 0.006188891075646983
20250 0.006338237453710363
20300 0.006265526470468424
20350 0.006467294937882697
20400 0.006092315917355022
20450 0.006377724285931235
20500 0.006382804416193511
20550 0.006241025713745153
20600 0.0059806403180905545
20650 0.0059982133115965165
20700 0.006254387929386269
20750 0.006041363219408486
20800 0.005521640445359048
20850 0.006144803611703043
20900 0.006225044393920332
20950 0.006042263165946098
21000 0.00647081779088988
21050 0.006370443658605525
21100 0.005437376098214066
21150 0.006127935129422482
21200 0.006082657551461595
21250 0.005581212533962047
21300 0.0061946441894821505
21350 0.005828777577013629
21400 0.005808423472639547
21450 0.006801621471820026
21500 0.005819206380642583
21550 0.005913907397611033
21600 0.006069562891060994
21650 0.005902351183852152
21700 0.00631572464198874
21750 0.005424813771995822
21800 0.00790375706326341
21850 0.005486379092722653
21900 0.005797585628785654
21950 0.005803493430607535
22000 0.005426689419057158
22050 0.006292335965607825
22100 0.005790243869843408
22150 0.005961443514694963
22200 0.0056190637297296835
22250 0.005376235509896687
22300 0.0056763504965175165
22350 0.005650763666698013
22400 0.006368014512978723
22450 0.0054813608837033
22500 0.005054778248712804
22550 0.005656564132257369
22600 0.005108021481375503
22650 0.004931447598007998
22700 0.005392546399253299
22750 0.005692717007007594
22800 0.005630665865732662
22850 0.005368400244273275
22900 0.004979486537611361
22950 0.00510343318601681
23000 0.006592332380431696
23050 0.0049883176483267845
23100 0.005239159207823062
23150 0.0050681283252125
23200 0.004902340192174405
23250 0.0060593816879377866
23300 0.0046267010516224585
23350 0.005334784119178526
23400 0.005433388218667166
23450 0.005575723261161931
23500 0.0046076775085095775
23550 0.004668616015682191
23600 0.005169641784777512
23650 0.005544641851292071
23700 0.004875614867640676
23750 0.0049928344689746055
23800 0.005495180297490952
23850 0.005514908394871981
23900 0.004569046901975056
23950 0.004921589929048225
24000 0.005881157220686548
24050 0.004557524418123684
24100 0.005515960246852685
24150 0.004534660667280792
24200 0.005529809564315465
24250 0.005357241585800971
24300 0.005379306993502058
24350 0.005140995034038095
24400 0.004463960641680279
24450 0.005958618914123887
24500 0.005331927522263417
24550 0.0051184319890234375
24600 0.005361502340768112
24650 0.005160233169688491
24700 0.00600191573727501
24750 0.006000449301937775
24800 0.005244687973647654
24850 0.004563215587269385
24900 0.004954250003441516
24950 0.004704086845393883
25000 0.004241432971413814
25050 0.004677947926815897
25100 0.004964722348523303
25150 0.0044406179106671806
25200 0.004696390857789069
25250 0.0048995290851901315
25300 0.004936575983598911
25350 0.0048524940915700525
25400 0.004789704538863972
25450 0.004765172476741695
25500 0.004377173848787545
25550 0.004414570046467286
25600 0.004286484375429087
25650 0.004630206597698957
25700 0.004680969099383889
25750 0.0049846061242504736
25800 0.0042641289418285854
25850 0.004710281618276798
25900 0.0047612216343921755
25950 0.004526071908141996
26000 0.004309718179822255
26050 0.004511374947461982
26100 0.004858321883754636
26150 0.0043155472053094035
26200 0.004414432997763626
26250 0.004477680004974548
26300 0.0043239918377996605
26350 0.004382445011027808
26400 0.004242451266289481
26450 0.004397828983317669
26500 0.004330494193750779
26550 0.004606024111339477
26600 0.004867122957767231
26650 0.0036610129033569114
26700 0.004365010693414703
26750 0.0040977881234164504
26800 0.004229946477856184
26850 0.003990330615212328
26900 0.004892951898849244
26950 0.0042014791037779595
27000 0.004168030172379652
27050 0.004567252618151276
27100 0.004692236366659151
27150 0.004272376484615374
27200 0.004535883417034679
27250 0.00426452621869574
27300 0.0041162802777531746
27350 0.003860598635607612
27400 0.004209131110759161
27450 0.003932384593240092
27500 0.004357653921413789
27550 0.0044230500365783415
27600 0.003920853015751779
27650 0.004968766379178265
27700 0.005392875102267636
27750 0.004481446342879457
27800 0.004158942277030731
27850 0.00406474891815297
27900 0.004530378193862024
27950 0.0049748931668482516
28000 0.004276456212498598
28050 0.00392723635956713
28100 0.004096343427560371
28150 0.005234139222443025
28200 0.00412847974183955
28250 0.003930145530946786
28300 0.004271497375773778
28350 0.003723182282070836
28400 0.003987907963208094
28450 0.004167664366905138
28500 0.003783858165863132
28550 0.004042734942384385
28600 0.004013915671056854
28650 0.004409800926359983
28700 0.005199721547770045
28750 0.00399825796295574
28800 0.0038405220524800245
28850 0.0039046299178766906
28900 0.0042701137605774455
28950 0.003714179986169856
29000 0.0036382714344167563
29050 0.0045551834851718515
29100 0.004246849535862661
29150 0.00398212990123977
29200 0.0041102713665862375
29250 0.003612188312183519
29300 0.0038997301979339185
29350 0.003948471137320836
29400 0.003913388269033889
29450 0.004529838345914562
29500 0.004158196052132815
29550 0.0039695866049961745
29600 0.00410899949586797
29650 0.004714797662158734
29700 0.004393774905203652
29750 0.003689876766438752
29800 0.004727586074454909
29850 0.003869882838075392
29900 0.004771155344891674
29950 0.004379977316799704
30000 0.004142955375793696
30050 0.003809521791232414
30100 0.003820876648636959
30150 0.0038379280020959554
30200 0.00394674055213766
30250 0.003485172392859485
30300 0.004234086141310966
30350 0.003913864734896812
30400 0.003859960714247466
30450 0.0037197877344099816
30500 0.0038565156570041295
30550 0.003937079193484898
30600 0.004020791949926132
30650 0.004090259518925898
30700 0.0036236520405571316
30750 0.0038283833982929467
30800 0.0036095296935882964
30850 0.003896447362484621
30900 0.003890926080061119
30950 0.003783328138100448
31000 0.0035713668927946293
31050 0.003438658866080208
31100 0.003902506142784399
31150 0.0037534357810137366
31200 0.0037478867832311832
31250 0.003730286777976427
31300 0.0037934765463125816
31350 0.003966969180815049
31400 0.004099816997787331
31450 0.003608599691506928
31500 0.0032309419103193275
31550 0.003916099766906693
31600 0.0038140271944388424
31650 0.0038985046724559613
31700 0.00413975117997326
31750 0.003654899386212573
31800 0.0037954151562768724
31850 0.0036009631500464783
31900 0.004161217183029872
31950 0.004007682594549739
32000 0.0034775085823354215
32050 0.003764607476092113
32100 0.003955637248751192
32150 0.0037327181425474403
32200 0.0036433750818113965
32250 0.0037081814887183627
32300 0.003747960756142318
32350 0.0037236757566730095
32400 0.00393207896306307
32450 0.004008425781692536
32500 0.0034219300736232756
32550 0.0036997188147465734
32600 0.0033836481454369302
32650 0.003720956913467373
32700 0.003917329072997375
32750 0.003862381536008045
32800 0.0037959813655108194
32850 0.0038035820453713536
32900 0.003521855833589571
32950 0.003721632733594206
33000 0.004078019958303574
33050 0.004035163372003398
33100 0.0037245516313754623
33150 0.00422196396935231
33200 0.003502945133096898
33250 0.0035697139688701607
33300 0.0036329178939449227
33350 0.003611224008380116
33400 0.0035437022374957714
33450 0.00350563657441772
33500 0.0037538562074240197
33550 0.0034928144464566376
33600 0.0037200707190116903
33650 0.0037946898433981182
33700 0.0037505040294987875
33750 0.0039040806007889528
33800 0.0035221093684495615
33850 0.004095525744256975
33900 0.00371599065947816
33950 0.003531759995229451
34000 0.0035726764186912335
34050 0.003644327200700601
34100 0.0036518697239114224
34150 0.003913292834994499
34200 0.0038957347270586586
34250 0.003445421087569935
34300 0.003601854546023759
34350 0.003291393525840244
34400 0.0033076023370763635
34450 0.003492829018979625
34500 0.003786810144670774
34550 0.0036925263835803773
34600 0.0032706716061377326
34650 0.0035953348995254575
34700 0.0037825861050442425
34750 0.0032525511200493873
34800 0.0037084776352013355
34850 0.003724163662809051
34900 0.0036205971527962276
34950 0.003808487475999945
35000 0.0035040703353899035
35050 0.0036166088649683755
35100 0.0038236705492253617
35150 0.0033152267522629066
35200 0.0039066923244841486
35250 0.003631379297128321
35300 0.003609619220962602
35350 0.003446281530261754
35400 0.0037808247091891483
35450 0.003487207319294961
35500 0.003519080305997101
35550 0.0035890159478988676
35600 0.003582571677833389
35650 0.003942596096724262
35700 0.003716467286509147
35750 0.0035695365113595314
35800 0.003566000525579248
35850 0.0038910531114853936
35900 0.003668788811617652
35950 0.0034803937542579344
36000 0.003803546091817516
36050 0.003387743988785412
36100 0.003724935290531492
36150 0.0037873554553095588
36200 0.0036749328822587805
36250 0.0034975333545819573
36300 0.003493182241590175
36350 0.0035771717341677553
36400 0.003721167482617927
36450 0.003260382219031735
36500 0.0033218340746379504
36550 0.003394206864115878
36600 0.0034218259608067322
36650 0.0035263170241279194
36700 0.003381624482139575
36750 0.003142394097652292
36800 0.0038264509075097244
36850 0.0035275872687351192
36900 0.0038691595330809367
36950 0.003465739662557773
37000 0.003500366836236554
37050 0.00367046163350538
37100 0.0036027930768912416
37150 0.003533466330102926
37200 0.0037832684517938586
37250 0.0035289481167622185
37300 0.003908088872368746
37350 0.003458125342971285
37400 0.003441421292537726
37450 0.0036957922604378855
37500 0.003478548412670676
37550 0.00333342406788525
37600 0.0035628959693338328
37650 0.003931107613333419
37700 0.0036260819892181893
37750 0.0037518542592724774
37800 0.0037878072889547575
37850 0.0035528527230341287
37900 0.003975207762410328
37950 0.003325160278437531
38000 0.0032749815346253025
38050 0.003286118708934265
38100 0.0036183160226452003
38150 0.0037076200603698827
38200 0.0034988635496213502
38250 0.0035177769454430093
38300 0.00351419160125536
38350 0.003593285081241871
38400 0.0033040910570184077
38450 0.0031274540592332225
38500 0.0035204659867342156
38550 0.003765596592972354
38600 0.0037237368720632056
38650 0.003229495372892421
38700 0.003533227995541273
38750 0.0036286514964225277
38800 0.0034776012081974925
38850 0.0038742664376948902
38900 0.003961952431982551
38950 0.003475016577319971
39000 0.0034415248636399925
39050 0.003444927694482322
39100 0.003555545818994296
39150 0.003475907763473052
39200 0.003957060603331912
39250 0.0032145454029101567
39300 0.003243520346575324
39350 0.0033440972777044405
39400 0.0036634459607244496
39450 0.0035121382399093647
39500 0.003319972002593818
39550 0.0034368496625960844
39600 0.003948281866473957
39650 0.003794157967012652
39700 0.0036878821782317683
39750 0.003659562284334792
39800 0.003676213555861777
39850 0.0037086841982723498
39900 0.0033205126883914526
39950 0.0035423699559740786
40000 0.0034072338483766857
40050 0.0036755940628869417
40100 0.0033642908410160518
40150 0.003690849875014424
40200 0.003416638783681168
40250 0.0034464491373748167
40300 0.0032184851796097794
40350 0.0034336520711009434
40400 0.003160148761330521
40450 0.0034156653732558
40500 0.0033147480737084436
40550 0.0034963132779849766
40600 0.0035574554717440108
40650 0.003636259130907388
40700 0.0036693197385457496
40750 0.0034441716875526275
40800 0.003322287240849038
40850 0.003605811902705683
40900 0.0035840801212032067
40950 0.003371372982158191
41000 0.003406221961489011
41050 0.0034783896645081912
41100 0.003462626314400622
41150 0.003666642354652773
41200 0.0032884531286124737
41250 0.0035079809942789824
41300 0.0035612260722679067
41350 0.003583324156641901
41400 0.003492464002652352
41450 0.0034658508474998302
41500 0.003401106340734535
41550 0.0033280453129584326
41600 0.003675849680764052
41650 0.0035472491207309245
41700 0.003397146493643449
41750 0.003421882212938434
41800 0.0033702501213135256
41850 0.0034921214856087697
41900 0.0032355890494349393
41950 0.00323116519858592
42000 0.003433211273034761
42050 0.0035231186917418934
42100 0.003570797594343507
42150 0.003544145344504445
42200 0.0032215244297065636
42250 0.003488217786961864
42300 0.0035627184597410376
42350 0.003504058193057939
42400 0.003586454695340081
42450 0.0032425775816102864
42500 0.0034859483787633063
42550 0.0034254724066035474
42600 0.003557517123498228
42650 0.0034419742645920453
42700 0.003754485709901968
42750 0.003648620569494256
42800 0.0035442373089086426
42850 0.0032195419170170437
42900 0.0034035632557833442
42950 0.0035063021088957125
43000 0.0034604900859717103
43050 0.0036206749832303543
43100 0.003542662077255427
43150 0.003624270127535289
43200 0.003439203146591546
43250 0.0032402609650538598
43300 0.0035885773270339536
43350 0.0035794141115536005
43400 0.003611075585762879
43450 0.0034372756309761473
43500 0.0036487544977755857
43550 0.0032792131152166283
43600 0.0034288144923474216
43650 0.003541201373932102
43700 0.0035026839248044634
43750 0.003290773255896035
43800 0.003716214952667691
43850 0.0035328686829589964
43900 0.0034205292381434497
43950 0.0035308952462523666
44000 0.0034120857485769474
44050 0.0033760947780431924
44100 0.0033072303022724093
44150 0.00325674429680209
44200 0.00358874613256623
44250 0.003730594348695175
44300 0.003346911074969234
44350 0.003447947093041533
44400 0.0034572845128364284
44450 0.003594091374325219
44500 0.003537540648112985
44550 0.003234856534036201
44600 0.003598610010334942
44650 0.0032746706325202614
44700 0.0035958905547945766
44750 0.0034373730087641167
44800 0.00328855797410133
44850 0.0035119356862827354
44900 0.003378400066211614
44950 0.003480023188461407
45000 0.0032799145486493136
45050 0.0035458782691133147
45100 0.003378551478994011
45150 0.0034545415798763563
45200 0.0033440622553360198
45250 0.0034064901188522504
45300 0.003494396422729949
45350 0.0033642365045514462
45400 0.0034937904160620118
45450 0.0033299569563686546
45500 0.0035244879491215177
45550 0.0034385957554563707
45600 0.0035805480555381043
45650 0.003573391688012491
45700 0.0032168363594577234
45750 0.0035792312104625055
45800 0.0033231291782979512
45850 0.0034676977519439095
45900 0.0033681057645717862
45950 0.0033455639350684356
46000 0.0035564291081429675
46050 0.0035333837252332976
46100 0.0034619953329605192
46150 0.003343433723735842
46200 0.0035751406287472653
46250 0.0033213113005553184
46300 0.0035422192566214048
46350 0.003317249500256702
46400 0.0036564378094103146
46450 0.0035230669420461356
46500 0.0034996808506497466
46550 0.0034491400773629267
46600 0.0033589791796386215
46650 0.0034774122617451772
46700 0.003327630674396336
46750 0.003615990582527803
46800 0.003604547496668795
46850 0.0035574072743960582
46900 0.003273287571733454
46950 0.003488374391524595
47000 0.0037119472226791604
47050 0.0032623072879364935
47100 0.0033097027432626297
47150 0.0031543153977318284
47200 0.0034993495115588197
47250 0.003127541185158414
47300 0.0034964941633939322
47350 0.003480933595747971
47400 0.0034538152123911917
47450 0.0033985416966294943
47500 0.0033535685769663683
47550 0.003565643848129059
47600 0.0034513625565994166
47650 0.00337884864314358
47700 0.0033880691169911846
47750 0.0033374375597395706
47800 0.0036522311498230786
47850 0.003220036280930932
47900 0.0032893019137846635
47950 0.00360566963444326
48000 0.0035357027861310686
48050 0.003384595297720644
48100 0.0035030074823255305
48150 0.0034843338662307057
48200 0.0033714617292998923
48250 0.0036451346016893272
48300 0.0032958373758391773
48350 0.0033859204960961196
48400 0.003367120921016037
48450 0.0033453148697756337
48500 0.0033552576271923496
48550 0.0034557123614956577
48600 0.0032629477700973726
48650 0.0036571009376355225
48700 0.003658175542282341
48750 0.0032636171840874696
48800 0.0034640686564737376
48850 0.003440334353999053
48900 0.003213912329115623
48950 0.0033334031304033227
49000 0.003463508240318474
49050 0.003375148252973605
49100 0.003437691286355078
49150 0.003729373135805742
49200 0.003533862484733705
49250 0.0034146652280981292
49300 0.003363848073944746
49350 0.0035652315464765267
49400 0.0034438799364512464
49450 0.0034839710532841707
49500 0.003686777427458424
49550 0.0031757643305744938
49600 0.003415369348262322
49650 0.0035504348191265312
49700 0.0034873451854437313
49750 0.003492055928678914
49800 0.0032234673183757535
49850 0.0037125708556198177
49900 0.0031974363015198374
49950 0.0035053123465511125
50000 0.0033636869680402862
