50 0.5458656337934185
100 0.19624369792799573
150 0.15745419837660474
200 0.11345870723369969
250 0.08908865061490162
300 0.07968450240044181
350 0.06702014224249653
400 0.0919818320762033
450 0.051071095397816624
500 0.06211757056244709
550 0.0398666669146808
600 0.03301545137825703
650 0.02915735699096422
700 0.024025256380468575
750 0.027797355862514854
800 0.020947633012255003
850 0.01655927363839894
900 0.030513177434004748
950 0.047914173271426816
1000 0.010425069268219863
1050 0.011952785040768705
1100 0.007812680597771855
1150 0.12547801105564688
1200 0.007524447158094364
1250 0.007864517049333039
1300 0.0086459755678249
1350 0.04945584790304255
1400 0.017092745557287407
1450 0.012049990625531382
1500 0.013119750439013568
1550 0.08521628687663525
1600 0.015656192666153635
1650 0.014998276141871223
1700 0.03108560955207426
1750 0.01766670717216039
1800 0.01948314233475831
1850 0.07527405246230673
1900 0.018126772177357652
1950 0.019646514936783297
2000 0.03963099542861437
2050 0.020052451245954644
2100 0.020591961230555823
2150 0.021410139125436534
2200 0.02229031848147261
2250 0.060517527074286086
2300 0.021555922169985114
2350 0.07303783838683015
2400 0.023407019492048552
2450 0.02346625699995606
2500 0.02224974575114437
2550 0.029834662900407163
2600 0.025528722719463662
2650 0.024247544609480427
2700 0.03457483931597621
2750 0.02415070675349914
2800 0.02458687517152567
2850 0.031406444082155684
2900 0.02899083604077821
2950 0.02755714132448941
3000 0.02649281550022092
3050 0.02660662156936794
3100 0.028120988453638952
3150 0.03159557353166325
3200 0.028166452073340512
3250 0.02692194942702621
3300 0.028671308295183093
3350 0.029829892558395875
3400 0.05722213199332522
3450 0.027769361234564978
3500 0.028650352402422165
3550 0.027894524542634556
3600 0.029233336969042074
3650 0.030808616662327672
3700 0.028759022341007624
3750 0.030098829067882235
3800 0.031058723796546714
3850 0.027937902499773168
3900 0.02915788708251283
3950 0.036893363207452616
4000 0.029901219484639526
4050 0.03097496785679188
4100 0.03860020468534462
4150 0.029195078704531266
4200 0.031267786444018564
4250 0.039910950641770596
4300 0.029410813179366457
4350 0.029895457709057896
4400 0.031827763880711575
4450 0.030542380303652375
4500 0.03143272218725679
4550 0.03112049737526853
4600 0.029403250448099785
4650 0.034393222444972255
4700 0.032109991605640646
4750 0.038382278188807746
4800 0.029920964748514297
4850 0.03172854178475465
4900 0.034106325849705854
4950 0.029879832178314
5000 0.030630590986156555
5050 0.03198524036044643
5100 0.03207591687422489
5150 0.030079467924759903
5200 0.03169260986607683
5250 0.03402728947023699
5300 0.03040551168414738
5350 0.03134653443352344
5400 0.030997197388283777
5450 0.03147695396165057
5500 0.031611301985788105
5550 0.03134713552358381
5600 0.031182372702727883
5650 0.03154520891128709
5700 0.029755746759933716
5750 0.029681203387285263
5800 0.029881420747125534
5850 0.029857140230681103
5900 0.030558278342756706
5950 0.028216856999589077
6000 0.02869208485654438
6050 0.029755152938557503
6100 0.029155493539813976
6150 0.027213905194350314
6200 0.02761578453711792
6250 0.02956555719229608
6300 0.02809846401706067
6350 0.027262958715519175
6400 0.03218775870857007
6450 0.02760538768288994
6500 0.02892218846354914
6550 0.02817405492766719
6600 0.028908607245744306
6650 0.026359734102890848
6700 0.02692692185691338
6750 0.028714938583946494
6800 0.026631633517629826
6850 0.030425558900465038
6900 0.025153356247961813
6950 0.02649054403214784
7000 0.025443939081817718
7050 0.02637456370036025
7100 0.02652769137766735
7150 0.02653500744406441
7200 0.055273154479499445
7250 0.026062960220154932
7300 0.025791141792617756
7350 0.026269368349479343
7400 0.02732578685547802
7450 0.02694582641427561
7500 0.025368257079488053
7550 0.0251360643853298
7600 0.030370043855850078
7650 0.023679284660865493
7700 0.026074259363241
7750 0.026140785408707835
7800 0.025075747335428448
7850 0.024574039325068017
7900 0.025363940060192363
7950 0.027021746935504604
8000 0.025010366982166844
8050 0.02568893434386561
8100 0.02612600739912699
8150 0.02595172571244733
8200 0.025376598080498407
8250 0.027938468697812524
8300 0.02426952227037652
8350 0.02269102131290311
8400 0.027614465177517783
8450 0.026360768576700198
8500 0.024652715372505157
8550 0.04943286679294733
8600 0.02325621100482985
8650 0.024672614309906374
8700 0.024480095266778662
8750 0.02676560373704137
8800 0.024154402366533687
8850 0.023573933266434435
8900 0.023763696729691003
8950 0.024903886729043843
9000 0.024457756175233263
9050 0.024611981886384755
9100 0.023964569196701042
9150 0.02434883209655592
9200 0.022240170855941495
9250 0.0245899171633892
9300 0.025413541727169222
9350 0.027550092883401486
9400 0.024982223922919402
9450 0.02381316284330814
9500 0.024689843883633572
9550 0.023273984427225804
9600 0.02210275871817705
9650 0.02302329045292128
9700 0.02353341102668932
9750 0.023616701021836068
9800 0.044050119647653985
9850 0.023216531599754127
9900 0.022890615661544458
9950 0.02165751859506465
10000 0.02200031789008036
10050 0.021722521180588768
10100 0.02247782920210387
10150 0.02279448771202575
10200 0.023334237312152867
10250 0.022174137072340252
10300 0.022052940299419812
10350 0.02193175240524541
10400 0.02178655017249995
10450 0.021185431727975896
10500 0.02139835599019192
10550 0.02137524048654682
10600 0.021239532076224164
10650 0.02022049135984219
10700 0.01986471853913461
10750 0.021751480248167806
10800 0.01990158064302793
10850 0.020824044439358647
10900 0.019371657487095212
10950 0.01916048599914372
11000 0.019858428602459975
11050 0.020367329278290398
11100 0.020011959009013317
11150 0.019668171624380455
11200 0.020944052466682146
11250 0.019717378368059542
11300 0.019683528377041983
11350 0.018870465350393707
11400 0.02165414153154589
11450 0.01864358554190583
11500 0.01923722432377102
11550 0.019776540806535195
11600 0.018951428469158097
11650 0.018647215075466753
11700 0.018583753735354334
11750 0.019465334726400527
11800 0.019297604862623583
11850 0.018991995769872535
11900 0.017971207618674157
11950 0.017212446834834708
12000 0.018268461463817137
12050 0.017648840082219543
12100 0.018665624380640258
12150 0.018936873536529397
12200 0.017928886821511905
12250 0.017913069485891272
12300 0.01682795277695818
12350 0.018134157721775714
12400 0.024014324574448024
12450 0.016782754567987127
12500 0.017225359848393938
12550 0.01736622334647061
12600 0.017508811432990996
12650 0.016532226258410367
12700 0.017250379044739885
12750 0.017051991663184107
12800 0.017116993376166605
12850 0.017334919909729705
12900 0.017128846230169612
12950 0.016700261155718744
13000 0.016823459879699073
13050 0.016583258653459176
13100 0.016662674660564643
13150 0.016567872240587967
13200 0.018124313847029325
13250 0.01727706277751635
13300 0.016399801375294003
13350 0.01561552497814673
13400 0.01636520918475326
13450 0.01587181722029861
13500 0.015895540780963377
13550 0.015707343424814762
13600 0.015615480611056734
13650 0.01554097627670667
13700 0.019929774855204623
13750 0.015756946495433705
13800 0.015274163403172225
13850 0.015000093666662937
13900 0.022308772729108417
13950 0.015310996699806146
14000 0.014879188342704673
14050 0.023516605143831783
14100 0.014948752570344106
14150 0.01532756341407859
14200 0.015161991011999127
14250 0.014356982263063688
14300 0.014773666906634557
14350 0.014476839209195172
14400 0.0132666291678107
14450 0.015747316851797186
14500 0.013932303036661675
14550 0.013842815783547424
14600 0.014572033139131161
14650 0.024245661967186145
14700 0.014652931944908888
14750 0.01388534597419591
14800 0.014072117896713488
14850 0.022498816944103755
14900 0.013351535205854968
14950 0.01508301010158683
15000 0.013603851630582366
15050 0.013487030598175735
15100 0.013063557240942584
15150 0.013562585220385098
15200 0.014203871782117766
15250 0.013671704385234906
15300 0.013414788058656929
15350 0.014709615142583071
15400 0.013528986458761697
15450 0.01316204390529335
15500 0.012555102611054327
15550 0.013574646531528059
15600 0.013026987302158236
15650 0.013070974859286048
15700 0.012672965829896542
15750 0.012856813850076962
15800 0.012980508125235098
15850 0.012534671076856345
15900 0.013192361194993781
15950 0.012670248090193877
16000 0.012432135347805748
16050 0.012732055975989948
16100 0.01265070022766108
16150 0.011927641942547335
16200 0.011512577096476566
16250 0.012759877013003417
16300 0.0125240279292934
16350 0.012274028604401035
16400 0.012233915515688283
16450 0.01206693073744041
16500 0.011824911703287597
16550 0.011670525144411853
16600 0.012686781903942249
16650 0.011571098487125484
16700 0.011383896639472089
16750 0.012508068821715658
16800 0.011434471472904979
16850 0.010818574775602097
16900 0.011761678251025044
16950 0.012450485090634546
17000 0.011136824710270742
17050 0.010582537813290927
17100 0.01072121193468573
17150 0.012351905695891601
17200 0.010864424423158959
17250 0.011377309618975902
17300 0.011055937952460543
17350 0.014480055278525118
17400 0.010617869702870838
17450 0.011946846454725409
17500 0.010543883354673137
17550 0.011568907701412185
17600 0.011575369418302828
17650 0.011193286233234893
17700 0.011552618986794754
17750 0.012032446176945818
17800 0.010495387743899381
17850 0.012135890208221768
17900 0.010519551076079704
17950 0.010897074267104517
18000 0.010891794827455729
18050 0.010688602191484785
18100 0.01314284168626077
18150 0.01037635046883154
18200 0.010457208776263638
18250 0.009501247495775815
18300 0.010757538320341993
18350 0.0145033856230617
18400 0.01064678712753027
18450 0.010336693952218111
18500 0.010543506619125394
18550 0.010583223722892214
18600 0.011858222098620651
18650 0.010420342449317813
18700 0.010774643165273719
18750 0.01012555645504576
18800 0.011733445010454317
18850 0.010269220574323569
18900 0.011320863897845186
18950 0.01121253809070852
19000 0.010075941773864417
19050 0.008732980830182799
19100 0.010411132091103012
19150 0.010282904726960371
19200 0.011834990673724016
19250 0.009714603417493648
19300 0.013024614224756164
19350 0.010140292771178427
19400 0.01021569226066818
19450 0.009523151998934996
19500 0.009946962792559608
19550 0.010767775599263814
19600 0.009234444017284816
19650 0.012336186427596612
19700 0.008404338829915875
19750 0.01070285282339885
19800 0.00967048720064757
19850 0.010956619247715783
19900 0.010792938595257425
19950 0.009924256068591722
20000 0.00931625262291148
20050 0.010030644645697166
20100 0.010228169575634225
20150 0.01021908265212016
20200 0.010159377763820227
20250 0.010736223000641034
20300 0.01026357934329404
20350 0.009690714534017661
20400 0.010716757215222038
20450 0.010422766826130286
20500 0.010028605637085585
20550 0.010688305149839056
20600 0.009658904458086318
20650 0.010336724149392925
20700 0.010328429520985713
20750 0.010068484137376096
20800 0.010316454788426946
20850 0.009438001947187103
20900 0.010002728207885225
20950 0.010366549821263579
21000 0.009820755554420907
21050 0.01006370575014864
21100 0.009874917557410889
21150 0.010015193559998322
21200 0.009531825461410619
21250 0.009869124866945017
21300 0.009819440698267462
21350 0.010522419569035303
21400 0.008072370063067442
21450 0.010078775967311862
21500 0.00975527807114043
21550 0.00966559159622997
21600 0.009936357715436713
21650 0.008648359029972226
21700 0.009682487881277981
21750 0.00912747911655113
21800 0.009829921114754205
21850 0.01037086120901729
21900 0.011055817810437582
21950 0.01018973999906211
22000 0.01011683874558439
22050 0.009677700901877811
22100 0.009798229026525183
22150 0.00952888237139288
22200 0.009887014848460805
22250 0.010247925792027695
22300 0.0108815394675553
22350 0.007894891670039064
22400 0.009369389072842956
22450 0.010784982247395398
22500 0.008829544129546604
22550 0.008687772443163119
22600 0.010016792164067484
22650 0.009184935562366757
22700 0.009295522345539799
22750 0.010903517297532478
22800 0.010424309407521221
22850 0.008773030520599467
22900 0.009306395719970422
22950 0.009301742024866501
23000 0.009773535452401758
23050 0.010024925134957745
23100 0.009558578702201543
23150 0.009944615431345661
23200 0.01056112509758859
23250 0.009152572396510256
23300 0.009010357576857097
23350 0.008593824621222287
23400 0.010482708031548587
23450 0.010523827286021302
23500 0.010026103789477549
23550 0.009456356999306038
23600 0.00941346638557823
23650 0.009476887377988352
23700 0.009069726391210824
23750 0.010124510229186182
23800 0.00877602396395634
23850 0.009221538422449719
23900 0.008803498278722049
23950 0.009085577650079908
24000 0.008038088308004976
24050 0.009622662719450914
24100 0.007996973091244882
24150 0.010044994799883376
24200 0.008955944820208606
24250 0.009424484909637732
24300 0.008867808957582697
24350 0.009745192744999015
24400 0.009733503802040348
24450 0.01028190484875297
24500 0.00933088542996054
24550 0.008751458794567757
24600 0.00885671620568487
24650 0.009768637926160123
24700 0.009124685978937962
24750 0.009010122028901045
24800 0.008773174679325134
24850 0.00874555997736535
24900 0.009910940713671506
24950 0.013737688329533647
25000 0.0095768245662663
25050 0.008825564079488006
25100 0.008534312358380685
25150 0.009191456210649342
25200 0.010064497913144007
25250 0.009475068040016627
25300 0.009345612773440887
25350 0.009565503073309303
25400 0.008809895095281569
25450 0.009570816003740669
25500 0.009362288746642874
25550 0.009992300124798518
25600 0.009237459951172996
25650 0.009449279372277256
25700 0.009992022401336106
25750 0.00884827448858227
25800 0.009154850229228816
25850 0.00957733204908911
25900 0.009257006868595449
25950 0.009000074999820116
26000 0.009099552550630415
26050 0.00919333852319831
26100 0.00949943270325701
26150 0.009194098718428384
26200 0.008939165027691433
26250 0.008830279331656834
26300 0.009606082854085027
26350 0.008845044070931353
26400 0.00935847624274879
26450 0.00953597790257231
26500 0.010080885249918209
26550 0.009255320049941389
26600 0.009127285180115503
26650 0.008746430967834678
26700 0.00860123340285394
26750 0.008673175378793734
26800 0.00870453314234309
26850 0.008967663604262138
26900 0.010513504597796198
26950 0.009237906050984577
27000 0.008613228624364904
27050 0.009625791749062697
27100 0.009225087691827142
27150 0.01012523411485019
27200 0.009055248304650187
27250 0.009146545942990697
27300 0.009815820901401784
27350 0.009846783244019662
27400 0.009705806782062554
27450 0.009246245670234547
27500 0.009112708289570857
27550 0.009837953121994439
27600 0.00974308840275828
27650 0.00846798549944361
27700 0.009022908761935117
27750 0.009219555159188623
27800 0.010253476265691239
27850 0.009080781748491654
27900 0.008932506492936807
27950 0.009395969717883196
28000 0.010319576870206444
28050 0.010169392153209349
28100 0.010190044240913396
28150 0.009291868154346884
28200 0.009386828749634944
28250 0.00947561182327272
28300 0.009392392681958937
28350 0.00857335905198631
28400 0.009918059934054738
28450 0.010017370084080582
28500 0.00907516100584683
28550 0.009252911376500231
28600 0.00905603428273837
28650 0.009701199747751011
28700 0.009463143245404005
28750 0.009246307353147
28800 0.008840241550360811
28850 0.009356095773428885
28900 0.009146940328938674
28950 0.008514835408725689
29000 0.009305588766378306
29050 0.008296679451746959
29100 0.00833075516197929
29150 0.00924608323153137
29200 0.010389608884420644
29250 0.00769391436691684
29300 0.009665674869312147
29350 0.009754511311024956
29400 0.009083231181170513
29450 0.008631039586815476
29500 0.009357699107165537
29550 0.00936522189258859
29600 0.01014479378823524
29650 0.009130551418898769
29700 0.008495989465629988
29750 0.008895013998858368
29800 0.00889032271141549
29850 0.009208830526311726
29900 0.008645715480377245
29950 0.009564720141754864
30000 0.009608670688037863
30050 0.008726241711216037
30100 0.00922412604913666
30150 0.008855764467086627
30200 0.008854122662781601
30250 0.008766017441416238
30300 0.009238156014541586
30350 0.009244184499845085
30400 0.00937733318361229
30450 0.008581023434642048
30500 0.008943732417424187
30550 0.009126496405878079
30600 0.00862401580690635
30650 0.009170775435315139
30700 0.009509035656555592
30750 0.008950615503120476
30800 0.00969703518803216
30850 0.00882376660714106
30900 0.008665280516910099
30950 0.008957349486719866
31000 0.008942824961205652
31050 0.00926880203369019
31100 0.008846018011448449
31150 0.009570108244605085
31200 0.009271085806782207
31250 0.008986016952308115
31300 0.008973877282455063
31350 0.008857943193087317
31400 0.00885272912812209
31450 0.009085366066064545
31500 0.008928998986290609
31550 0.00929684890558132
31600 0.008656548839198537
31650 0.009128085432756073
31700 0.009198806128885996
31750 0.008435701090969944
31800 0.008794145104201193
31850 0.00866981100501411
31900 0.00923243040307676
31950 0.008481884588124034
32000 0.008947013790361771
32050 0.009536157610273174
32100 0.009420884922957963
32150 0.00865094025628853
32200 0.009406960027203913
32250 0.008787133960991633
32300 0.009086225901388908
32350 0.008419909863738483
32400 0.009490591565854824
32450 0.008363443009925716
32500 0.008650173150150719
32550 0.008707612446508844
32600 0.00860396119996212
32650 0.00929577404817875
32700 0.008888828964161512
32750 0.00923119425519686
32800 0.00819468885884385
32850 0.009399911709145432
32900 0.008636455371483037
32950 0.008328303549659329
33000 0.008380640986745347
33050 0.008946449348646733
33100 0.008495548718454253
33150 0.009320765378021885
33200 0.008821555158498839
33250 0.008411453075625942
33300 0.008635839092918051
33350 0.008578985298921853
33400 0.008805507670893926
33450 0.008533290484521705
33500 0.008396151681572019
33550 0.008904374843074403
33600 0.009332269594617963
33650 0.008626019691040696
33700 0.00847632603054579
33750 0.008465185536457202
33800 0.008701341421535173
33850 0.008846941983989465
33900 0.008896157483477565
33950 0.008168471845140978
34000 0.008067879941566308
34050 0.008807340183787638
34100 0.008555571614690158
34150 0.008609239031887072
34200 0.008073767612458116
34250 0.009107142092896698
34300 0.008531290769421817
34350 0.008215945736066418
34400 0.009092056400146646
34450 0.008375217753666259
34500 0.007906788169358962
34550 0.009282370506486021
34600 0.009184731584331746
34650 0.008782657709482382
34700 0.009284388441218846
34750 0.00850414392236926
34800 0.008539925282473425
34850 0.008742060955428609
34900 0.008652636850495372
34950 0.009850497543758052
35000 0.008925847312188642
35050 0.00887145855169859
35100 0.008726701642922469
35150 0.008696338109082333
35200 0.008703491514851149
35250 0.008468455937095856
35300 0.008488665102042513
35350 0.008734873895935177
35400 0.008919496265050854
35450 0.008445927770337015
35500 0.008297270492553629
35550 0.008401449024299082
35600 0.0090219351152335
35650 0.008776145243101996
35700 0.009089279553175714
35750 0.007972749877086016
35800 0.008156461113221295
35850 0.007851648910745985
35900 0.00877852790832504
35950 0.008163161327734746
36000 0.008367519404103234
36050 0.008493801960485138
36100 0.008135159988376831
36150 0.009183693780576915
36200 0.0084822878458112
36250 0.008789281545696196
36300 0.008732068438367362
36350 0.008672515361865666
36400 0.008966236925779586
36450 0.008654137346113186
36500 0.008826775210120484
36550 0.008581883789195412
36600 0.008769371544332247
36650 0.008495350169879526
36700 0.008824130457716597
36750 0.008157889322057854
36800 0.008597629758665208
36850 0.008547867629412766
36900 0.008646373765882823
36950 0.008719257632096052
37000 0.00894815869447837
37050 0.008218375791768371
37100 0.008513281144786545
37150 0.009124294266812482
37200 0.008433176941006093
37250 0.008572956995448426
37300 0.008560229619969478
37350 0.00834971328745638
37400 0.00886765377840297
37450 0.008249040140465914
37500 0.008318461104156526
37550 0.00868008303248061
37600 0.008646356897004388
37650 0.008319713125637474
37700 0.008254048724937171
37750 0.008874674640648205
37800 0.008441875161193773
37850 0.00849264268230132
37900 0.008082683459815443
37950 0.008289734051270006
38000 0.008419219333923787
38050 0.009160089228675963
38100 0.009161683458791895
38150 0.009332338302284656
38200 0.008818275559077684
38250 0.008401479943517328
38300 0.00953362121721688
38350 0.008437493446943748
38400 0.008067558641517276
38450 0.008116293043385483
38500 0.007749999072809641
38550 0.008294969149871241
38600 0.008591875910058397
38650 0.009188125890076775
38700 0.008379250546104866
38750 0.008074293749980501
38800 0.008085283734857195
38850 0.008813765475217518
38900 0.00832795435394932
38950 0.008538884927899594
39000 0.008367318254380154
39050 0.00922444296366069
39100 0.008115302349749822
39150 0.008345062184049049
39200 0.008761295051896765
39250 0.00874987973906736
39300 0.008598931619864901
39350 0.008104249846958731
39400 0.008246295637108096
39450 0.00802229798749686
39500 0.008601415092472961
39550 0.008322803647798424
39600 0.00844696689022811
39650 0.008093820687747728
39700 0.008615613377187279
39750 0.007937431436663924
39800 0.008171167679993154
39850 0.008359987866208713
39900 0.008648152714591472
39950 0.008575559981927704
40000 0.007760478955906547
40050 0.008640661954392495
40100 0.008648429740630152
40150 0.007959773259114096
40200 0.008521374596160071
40250 0.008402610158360479
40300 0.008368281364362707
40350 0.008358107002729402
40400 0.008114594032650517
40450 0.008382477964523901
40500 0.008294374997428106
40550 0.008173257747475028
40600 0.008619401130919755
40650 0.008270617173155215
40700 0.008202236180798638
40750 0.008281202615434066
40800 0.007968303798919761
40850 0.008900285371238452
40900 0.008732293318083258
40950 0.00868976896849995
41000 0.008374805370439806
41050 0.008429955666065674
41100 0.008274962013491462
41150 0.008464364358165482
41200 0.008545944436297765
41250 0.008094309127919275
41300 0.008056600186154497
41350 0.008702462781556931
41400 0.008364279229816524
41450 0.008449401477671483
41500 0.00869952495024194
41550 0.008342729316812124
41600 0.008177001033098671
41650 0.008063441615763932
41700 0.008987614953680308
41750 0.007895842430890653
41800 0.008679819343801473
41850 0.008460359045016718
41900 0.008797166535073623
41950 0.00808935276673442
42000 0.00804890137707029
42050 0.00866032534231695
42100 0.008554000604530885
42150 0.007866221830225775
42200 0.008517288021343807
42250 0.008097235935614564
42300 0.008368634335876375
42350 0.008399227312141449
42400 0.008216002049052748
42450 0.008923469108716124
42500 0.0078248123361269
42550 0.008703485743307439
42600 0.0083518472117841
42650 0.008402818251643253
42700 0.008608115629696187
42750 0.008105343253499554
42800 0.008057002087717214
42850 0.008154879374980151
42900 0.008565559074312602
42950 0.007854067608650636
43000 0.008351734948855102
43050 0.007995411633226023
43100 0.00793231827021618
43150 0.00794143203487217
43200 0.008518317491336285
43250 0.00851041544292636
43300 0.008648241482281459
43350 0.008748539521670887
43400 0.007834847356425095
43450 0.008554288788155525
43500 0.007998581184912791
43550 0.007998471297849755
43600 0.008184303055692841
43650 0.008353848978477574
43700 0.007999525564825208
43750 0.008092735583209396
43800 0.007894425987215153
43850 0.008616516988388119
43900 0.008142013069751024
43950 0.008535854443168131
44000 0.007932408238358885
44050 0.008264275751533288
44100 0.008627731573995772
44150 0.008250900903119284
44200 0.008333449706002447
44250 0.008444531259655401
44300 0.00830027220489493
44350 0.008340985159915378
44400 0.008125273335190536
44450 0.008786195763538014
44500 0.008215520880120378
44550 0.00853937172113674
44600 0.008060734107037067
44650 0.00838221854905894
44700 0.008433612719431738
44750 0.007784932040090691
44800 0.008137059999055996
44850 0.00801117311730917
44900 0.007978772702596075
44950 0.008231643837077949
45000 0.007898154526990327
45050 0.00808983686412296
45100 0.00826759838028726
45150 0.008106251632463705
45200 0.008057247667351419
45250 0.008441747523726421
45300 0.008202093505570215
45350 0.008091040657739024
45400 0.008313177039899042
45450 0.008239514349255052
45500 0.008271264468940831
45550 0.008269416252557829
45600 0.007805114405699473
45650 0.007709939263604096
45700 0.008254733857394076
45750 0.00779176537955921
45800 0.008250429243421047
45850 0.008585804472238305
45900 0.008306291379339099
45950 0.00828901869069287
46000 0.00800592300507035
46050 0.00807603048899234
46100 0.008347400396892721
46150 0.008034330049883926
46200 0.00887100122046376
46250 0.008387632984285178
46300 0.008053736275699453
46350 0.00836099253639634
46400 0.00784455944187578
46450 0.008318007806617619
46500 0.007969760373826847
46550 0.007944361826295413
46600 0.008077361238875955
46650 0.008481220029667712
46700 0.008381471507429872
46750 0.007800692099082422
46800 0.00784134304872162
46850 0.008353821397095368
46900 0.008227573628500538
46950 0.008041767272047655
47000 0.008058272516181984
47050 0.008282332817922143
47100 0.008061848553044598
47150 0.008188994646505845
47200 0.007778682234705067
47250 0.008120794244806573
47300 0.008401141467685513
47350 0.008292835230390748
47400 0.00802434557902645
47450 0.008320347693468406
47500 0.008126703594603326
47550 0.00804810943477318
47600 0.008253083064005412
47650 0.007917430604551426
47700 0.008446703820464167
47750 0.00802491835885912
47800 0.008124740216852966
47850 0.007992319742254297
47900 0.008181056055832902
47950 0.008399364915866745
48000 0.008070142585697493
48050 0.007994095956033988
48100 0.008073161599023005
48150 0.007883824371384815
48200 0.008084917039041704
48250 0.00799064434947296
48300 0.008308806443905515
48350 0.008410771455078396
48400 0.007773245929672565
48450 0.007978660515079103
48500 0.008162339984400841
48550 0.00813942238763984
48600 0.008525319810946595
48650 0.008418882790166698
48700 0.008076369090385865
48750 0.008516512631138057
48800 0.008349901663186728
48850 0.008345176982068383
48900 0.008307004658046664
48950 0.00797146730881393
49000 0.008072497995585409
49050 0.008103384477340873
49100 0.008516657913324724
49150 0.008091712022430236
49200 0.0081358661715201
49250 0.008279823114499166
49300 0.008061382804812027
49350 0.008100477805769104
49400 0.008084813766772062
49450 0.00812485575896714
49500 0.008281832125282435
49550 0.00822233667525813
49600 0.007635678739276772
49650 0.0082587354676462
49700 0.00767822043523297
49750 0.007794166753788091
49800 0.008285937711921609
49850 0.008347033919921552
49900 0.00816595046396379
49950 0.008336268061647256
50000 0.008144935600802716
