50 0.13607612893275728
100 0.11738418837417136
150 0.09132085870803507
200 0.07655060562353137
250 0.04743832437502074
300 0.046614926709899016
350 0.03236295278182118
400 0.0338244305442194
450 0.03627400149468404
500 0.02881808926202652
550 0.04541877984349524
600 0.026397236550340483
650 0.028280744612236754
700 0.02711482840191604
750 0.02493703774982307
800 0.02514064430916674
850 0.02349431422561507
900 0.0340090214870187
950 0.026621072425049994
1000 0.02174219955011998
1050 0.04295416422444474
1100 0.022430281491108563
1150 0.022580242818290266
1200 0.0210441021842509
1250 0.039805315763773566
1300 0.044891760224671985
1350 0.02410272844925159
1400 0.023365571458267533
1450 0.01958115290125943
1500 0.020087112258079003
1550 0.018732410475679567
1600 0.01936222234020492
1650 0.04303668648051009
1700 0.019279190983075307
1750 0.01767520255605787
1800 0.017270102172761714
1850 0.025051164192217954
1900 0.017317564192936497
1950 0.018131491402905625
2000 0.017329188807386754
2050 0.018768372327989034
2100 0.02019937294498555
2150 0.01615339159212546
2200 0.0331163543896618
2250 0.016417052527635742
2300 0.017394139697985696
2350 0.01794338914668854
2400 0.02978181497307914
2450 0.016999045326238683
2500 0.043367746631118274
2550 0.01582647290477593
2600 0.01586591829351868
2650 0.01579383220315162
2700 0.019201195930960847
2750 0.01489290266460065
2800 0.046235198284749965
2850 0.015021696321357112
2900 0.015247771333971205
2950 0.014688987524157475
3000 0.015863121426974557
3050 0.020192643475209333
3100 0.014772712046079127
3150 0.04576271338208498
3200 0.014754701647389873
3250 0.014174991904458718
3300 0.014195541350024194
3350 0.020160516051653622
3400 0.021622392242055262
3450 0.01488711666067904
3500 0.01377961822471567
3550 0.015139185192989965
3600 0.013883026331709273
3650 0.038036952151589074
3700 0.014213973867067816
3750 0.013522204975866842
3800 0.023860347913539387
3850 0.014092124911119277
3900 0.012613581760119133
3950 0.016432355794519276
4000 0.012568963458965776
4050 0.01586818771336997
4100 0.013241704946686734
4150 0.032536364793710436
4200 0.015019398267560604
4250 0.05232431241234052
4300 0.014375476964957216
4350 0.012535558340061256
4400 0.014438426743529253
4450 0.012981707747632635
4500 0.013637271352144719
4550 0.01316948464149181
4600 0.012058935391369163
4650 0.022972541192861167
4700 0.0115629302900774
4750 0.01422633709101782
4800 0.02062977081417294
4850 0.026572125855550736
4900 0.026028933409164484
4950 0.013755837107097857
5000 0.012481739274380206
5050 0.011496173184841153
5100 0.011769448895129445
5150 0.01173351548531841
5200 0.010967026166830207
5250 0.01114961227113222
5300 0.011790096218336665
5350 0.010829504702880379
5400 0.011562557988397216
5450 0.010619067530764624
5500 0.01068287288399609
5550 0.011188119055666123
5600 0.011611610524399124
5650 0.010330939691670602
5700 0.010796728801509878
5750 0.0103469628420246
5800 0.00989661179497147
5850 0.01100259788851163
5900 0.01041305589323145
5950 0.010819496970931389
6000 0.01075926864327424
6050 0.011713449165293889
6100 0.014346731888211383
6150 0.010424928002924721
6200 0.012554623705486715
6250 0.00975070034816059
6300 0.027124815408953677
6350 0.010514939718267844
6400 0.00985664978095991
6450 0.010495727579484615
6500 0.010069855859703554
6550 0.01218353216633421
6600 0.01029711526431852
6650 0.010068081603983123
6700 0.013781917337678485
6750 0.010459459000820926
6800 0.01199516123791218
6850 0.009532970231458564
6900 0.03200864174788964
6950 0.010041440821166255
7000 0.009465918792905322
7050 0.009818391828108433
7100 0.02723949428052714
7150 0.009897026813673531
7200 0.011298891108203509
7250 0.010322953540515866
7300 0.008975179559840911
7350 0.0098904859958816
7400 0.009756689664306746
7450 0.014528672044670524
7500 0.009766484583036784
7550 0.010911956289161482
7600 0.009905867595390389
7650 0.011497678588654475
7700 0.02742142517707012
7750 0.009549893455176523
7800 0.008955182497728274
7850 0.020302096103999075
7900 0.013585780236678007
7950 0.016806345351543087
8000 0.010588762093823314
8050 0.017576808914075
8100 0.00987262861934402
8150 0.015905079501214715
8200 0.009012285334362602
8250 0.009413832299046694
8300 0.009648117493324195
8350 0.04871190657215354
8400 0.00874068176817834
8450 0.00859776667657381
8500 0.009655623793824446
8550 0.009457207383885157
8600 0.010844893504559652
8650 0.008974488344875742
8700 0.009435933862230787
8750 0.010716189675451532
8800 0.009157096035553512
8850 0.014877411060018003
8900 0.011040693206004738
8950 0.027940976647332506
9000 0.008985364986213312
9050 0.010442565980828485
9100 0.008921653286211556
9150 0.008475763142873162
9200 0.008804653475217613
9250 0.010803511097829118
9300 0.008983884716935037
9350 0.008597806790959209
9400 0.020686226437765996
9450 0.008507749006103914
9500 0.008933875192711967
9550 0.013591323098868508
9600 0.008092729793931977
9650 0.010242494038697656
9700 0.010421498466727713
9750 0.010546563893112934
9800 0.0087754777114333
9850 0.015307764970252859
9900 0.009137831002527241
9950 0.008266989744951457
10000 0.008962713540438655
10050 0.008333107298989223
10100 0.008251375054596811
10150 0.007792671085608007
10200 0.007778901409004059
10250 0.0080831472258672
10300 0.008379291506634981
10350 0.007766522639298054
10400 0.007965277033707335
10450 0.008260114395098562
10500 0.008412650654296219
10550 0.007566372569409413
10600 0.00797429461274542
10650 0.007715034173809834
10700 0.008183893032549813
10750 0.008109165013006136
10800 0.007591645760515318
10850 0.00777502463581389
10900 0.00812239556784257
10950 0.007649011282324538
11000 0.007942122053982006
11050 0.0076060778604674405
11100 0.007768672431738988
11150 0.01073266908107803
11200 0.008176316104981159
11250 0.008237846273087166
11300 0.012463538080357587
11350 0.010004816839580221
11400 0.009969757399462806
11450 0.008209849838852477
11500 0.007246917922012611
11550 0.01107758874872595
11600 0.007592888938819085
11650 0.007421780374469435
11700 0.01096195041333332
11750 0.00823176411265371
11800 0.007556753385108682
11850 0.01135289852328581
11900 0.007407156625688604
11950 0.009447151458579274
12000 0.00799200830203948
12050 0.007323814827266807
12100 0.010649658750564261
12150 0.007562971779237379
12200 0.007401239647866948
12250 0.00730005271624422
12300 0.008241010770787757
12350 0.007210677230234775
12400 0.013270565524814886
12450 0.007336055362317868
12500 0.007461236553727925
12550 0.008857516501889668
12600 0.00723376332415931
12650 0.010036053009941575
12700 0.008588576204405595
12750 0.008362606282496823
12800 0.008132525378065428
12850 0.007327024723096553
12900 0.009156818118281208
12950 0.020278009890800832
13000 0.006930206436174177
13050 0.008253246682605497
13100 0.008008323499245504
13150 0.007887374168637289
13200 0.009435915480331241
13250 0.007967775217391736
13300 0.014455081500873464
13350 0.007157044956730486
13400 0.0074467611316274005
13450 0.007703677360168432
13500 0.006712157619487323
13550 0.007981636702530288
13600 0.011440932101633085
13650 0.007272747830977659
13700 0.006852616784404222
13750 0.0073387460049947895
13800 0.014877507330599065
13850 0.006932883303819512
13900 0.007733428553217303
13950 0.010670292397704435
14000 0.007059835438899268
14050 0.006959583685262461
14100 0.007110336390381237
14150 0.007104658772596137
14200 0.007893441497071052
14250 0.01103415891433792
14300 0.0069162532869047385
14350 0.00670385695736438
14400 0.010305273575009717
14450 0.012069464721198042
14500 0.007142353815427536
14550 0.007401129292173213
14600 0.010582946979419411
14650 0.0070254199646069704
14700 0.007488086151400806
14750 0.02049138179574987
14800 0.006810102341308097
14850 0.006847986021881428
14900 0.01144691892895845
14950 0.00725639697815591
15000 0.006993248427732109
15050 0.01131546648231854
15100 0.006888947712681957
15150 0.009160310907340518
15200 0.006556036819260896
15250 0.008352278317735051
15300 0.011400432777183027
15350 0.008699185995286903
15400 0.007329260077294385
15450 0.01157304996255631
15500 0.007404137624526103
15550 0.00795033599938515
15600 0.006857113482741683
15650 0.012285182408497497
15700 0.006355085036859112
15750 0.007037654106892541
15800 0.0068275795768544265
15850 0.009789545954573991
15900 0.006664518023774645
15950 0.009196321355935394
16000 0.006937804949328077
16050 0.0101888825405116
16100 0.010814671843918593
16150 0.007706171261514017
16200 0.006645362094317328
16250 0.007894434156530178
16300 0.006426865208892485
16350 0.024116521886417438
16400 0.0066320854001383845
16450 0.006144529513806116
16500 0.007544959155916884
16550 0.008709961640507767
16600 0.006511325284185444
16650 0.007310485056205149
16700 0.0067853595196116214
16750 0.02350854728409577
16800 0.006614778403331918
16850 0.006502576357102421
16900 0.009284640194089658
16950 0.006347984796885972
17000 0.006363588639156585
17050 0.013776564275195802
17100 0.006808992362662443
17150 0.006093938147633511
17200 0.007809624212667572
17250 0.006490535150809876
17300 0.00646661369745427
17350 0.009705210169504864
17400 0.006709292875644311
17450 0.006987001180897699
17500 0.012364945306045864
17550 0.005897031486581623
17600 0.006707814139526683
17650 0.006197840768710634
17700 0.007326347788541471
17750 0.006374187858718015
17800 0.005884758890490103
17850 0.006795460406239271
17900 0.006461355886041065
17950 0.007157091924344989
18000 0.006121917786191314
18050 0.006018239140050932
18100 0.006321772593597941
18150 0.0069787643316756446
18200 0.008221109468627788
18250 0.006631536695743102
18300 0.009970518458934768
18350 0.0057797036010707355
18400 0.006675746023250698
18450 0.007131675902531891
18500 0.006238788457922716
18550 0.009751066933816796
18600 0.006150462391446769
18650 0.008527018961142423
18700 0.006144211732067736
18750 0.007241050602794642
18800 0.00976624154269443
18850 0.010839026170613563
18900 0.007159401502397483
18950 0.006178391868430248
19000 0.007930742996888132
19050 0.006655050063403172
19100 0.0061219697591186045
19150 0.006584779217978649
19200 0.005623874752534671
19250 0.007072309713052015
19300 0.012311108900385784
19350 0.006624661586650271
19400 0.006441303467370878
19450 0.006422596824101651
19500 0.005942510416909921
19550 0.012521059830856947
19600 0.006318431839519316
19650 0.01496252924048357
19700 0.006509816535865297
19750 0.009435942786937204
19800 0.006072525864847893
19850 0.011799534610184638
19900 0.010613015713289797
19950 0.006167880588041811
20000 0.00684638288829192
20050 0.005947639504441047
20100 0.006222580183354858
20150 0.00598655326431322
20200 0.005828210558073444
20250 0.0061889788995388535
20300 0.0056902490771929765
20350 0.0059866951620073236
20400 0.0062950428878689405
20450 0.00566248324391177
20500 0.0057888871249391766
20550 0.00631726170467916
20600 0.005694608553692562
20650 0.005897864170403046
20700 0.005924934545192271
20750 0.005905156949178261
20800 0.005954484819747449
20850 0.0056001310381624085
20900 0.005737025922542266
20950 0.0058998522467201935
21000 0.005541009862787543
21050 0.0058188601897134155
21100 0.006511868720451697
21150 0.006119893550266153
21200 0.0059921449346237434
21250 0.006333867934922916
21300 0.005660870980288327
21350 0.006074628853303606
21400 0.009007604011443696
21450 0.005745768685380835
21500 0.005989811438912339
21550 0.006931130794881258
21600 0.005772953440265975
21650 0.006246773471885193
21700 0.00604153221176797
21750 0.007061214276302763
21800 0.005694622931304994
21850 0.006883060913119198
21900 0.006056544364998787
21950 0.007706896827913313
22000 0.005657134675934604
22050 0.005440484872535985
22100 0.006373764399486222
22150 0.005822011363669882
22200 0.006149371700651902
22250 0.007397214410380083
22300 0.0070858873072275905
22350 0.0057181832850083745
22400 0.005861220829460715
22450 0.006494704657664406
22500 0.005793451177316973
22550 0.005808933107293064
22600 0.006172316514244892
22650 0.006178705952543509
22700 0.005435284978793671
22750 0.005555860572377866
22800 0.008292312251988643
22850 0.005708613762956253
22900 0.005660335813652967
22950 0.007508445999322578
23000 0.0059732677639940755
23050 0.005677899139067548
23100 0.0057648073098013645
23150 0.006796651269088406
23200 0.0057974131604204004
23250 0.005765292961166931
23300 0.005781112270386378
23350 0.005664368401691775
23400 0.006225604587448205
23450 0.0057295981316214965
23500 0.00575293116911276
23550 0.006503589500255104
23600 0.005613549462784469
23650 0.011705597441350468
23700 0.00595699995497784
23750 0.005291255895982073
23800 0.0058944287980914915
23850 0.007608786536546153
23900 0.005593221946025815
23950 0.006951021405519555
24000 0.0061318231994513675
24050 0.005424103864236904
24100 0.005553926914603268
24150 0.00689020954678222
24200 0.005521740418961879
24250 0.006183438077720801
24300 0.005698762552127887
24350 0.007333525720777316
24400 0.005473427659177827
24450 0.006221862777775302
24500 0.005228455823364694
24550 0.005412375363885739
24600 0.006792673133123642
24650 0.005489372208787253
24700 0.0058282334643543834
24750 0.0053647364489130605
24800 0.005606008155361407
24850 0.00574998291276608
24900 0.005475874741026583
24950 0.00537571685447598
25000 0.008382992025450267
25050 0.00538623609242639
25100 0.0053877111614226295
25150 0.005138662776785026
25200 0.005224670451677924
25250 0.013388947903112866
25300 0.005290190990899921
25350 0.005307009276773535
25400 0.005651826434320912
25450 0.005434199565597577
25500 0.005821081114205037
25550 0.009439987824966346
25600 0.005273290021020325
25650 0.006794323707934197
25700 0.0057422753002941175
25750 0.005637581458095999
25800 0.007837150321474138
25850 0.005367770512922031
25900 0.006581288146986438
25950 0.005408189705932407
26000 0.011158380581699911
26050 0.005542708607301264
26100 0.005259716157008471
26150 0.006059221667097751
26200 0.005224934987401759
26250 0.005428915692645937
26300 0.005577623779636972
26350 0.0061523812714752504
26400 0.005477156355228238
26450 0.005847934915772854
26500 0.007150697753382551
26550 0.008497933552251227
26600 0.005706859652294473
26650 0.005773242109068691
26700 0.006890056077281502
26750 0.005218700399041411
26800 0.005613591565603384
26850 0.005541180554749957
26900 0.006437359496452228
26950 0.0052018114156864624
27000 0.005180221612162005
27050 0.006167786370807112
27100 0.005437496612942262
27150 0.005621287430237167
27200 0.007228348129468308
27250 0.005470670094120635
27300 0.005397282895013587
27350 0.010195614441060945
27400 0.00509949255446901
27450 0.0050648530780854645
27500 0.005931788153113612
27550 0.010874353203768887
27600 0.005026282609057621
27650 0.005181054896932613
27700 0.005081947374723978
27750 0.005744230458250939
27800 0.004892264770514761
27850 0.005323776058236711
27900 0.0052424489217698066
27950 0.004903027999509031
28000 0.009183271957421751
28050 0.0053915570775475265
28100 0.0069497069874663465
28150 0.005495576031280336
28200 0.0056374743325686705
28250 0.01101163105202668
28300 0.005098000225685019
28350 0.00541728515421367
28400 0.005289868646043359
28450 0.006204078637223332
28500 0.005211506855423553
28550 0.005146585027861866
28600 0.00513563980883519
28650 0.005773424036793545
28700 0.004981317892648307
28750 0.005463641145567521
28800 0.005229066341206371
28850 0.0051173199441919975
28900 0.007898345610322818
28950 0.0051753116199951855
29000 0.0053404317496869415
29050 0.004889167418286705
29100 0.004982450489434622
29150 0.006071236280923718
29200 0.005391342648914901
29250 0.007365578500086693
29300 0.005387381094392227
29350 0.005443231964492904
29400 0.005174063565261162
29450 0.006315119532465539
29500 0.005344743914570723
29550 0.007940547385513832
29600 0.004993176159832779
29650 0.005595749112099176
29700 0.00819356311862809
29750 0.005083061926919298
29800 0.005445567080340953
29850 0.005075500051246596
29900 0.008824092924515381
29950 0.005026411478255395
30000 0.009865793074003915
30050 0.005602364955872734
30100 0.006765461058229897
30150 0.004851627881244375
30200 0.00914457795506425
30250 0.006112314364187114
30300 0.006588736776678742
30350 0.011809912026381608
30400 0.0048914637176454365
30450 0.006422144426176311
30500 0.005989092077388718
30550 0.0053568364962210385
30600 0.005354849315085604
30650 0.0064273885921884
30700 0.006466300610001336
30750 0.006965002216344714
30800 0.004953199032630489
30850 0.005343761452526364
30900 0.004824109259532203
30950 0.004833535890574156
31000 0.004965619038269176
31050 0.006571492365624917
31100 0.005145246289513162
31150 0.005035470070002668
31200 0.004959532648402806
31250 0.005281035467590637
31300 0.006448634133536608
31350 0.00502483785209408
31400 0.010202028022326478
31450 0.005460759942484414
31500 0.004919739118927691
31550 0.0072235452324603535
31600 0.005958784637295773
31650 0.006247330119802857
31700 0.00541475576468419
31750 0.005100738482834631
31800 0.006127214407870043
31850 0.005547452950003809
31900 0.005179716748291118
31950 0.005691781196348776
32000 0.005306031181693701
32050 0.0047467385712540245
32100 0.01218286845536428
32150 0.005109884184313837
32200 0.005949421931284487
32250 0.009150025474075668
32300 0.004824534992890297
32350 0.005103958644967629
32400 0.0055109525061684626
32450 0.007909532212436076
32500 0.004639874423889954
32550 0.0078055292379829245
32600 0.005084364848033458
32650 0.004658257156715009
32700 0.005146635334464501
32750 0.006314858506574222
32800 0.0052047079900824165
32850 0.006340805417670899
32900 0.004889201673946674
32950 0.004846048330477033
33000 0.008765451266804778
33050 0.004968444659213642
33100 0.006490526447076764
33150 0.005435146670147893
33200 0.004884456045905446
33250 0.004892896071022345
33300 0.005512779096910644
33350 0.008950944056073775
33400 0.004742579720027572
33450 0.005401406671249701
33500 0.005284615139665613
33550 0.00519472277207203
33600 0.005036380937246927
33650 0.004753462076946303
33700 0.005459298099307342
33750 0.004806528768059898
33800 0.004593479197701279
33850 0.004867857109095553
33900 0.006608712186512567
33950 0.004781983586011865
34000 0.005702295350522542
34050 0.004989712792974265
34100 0.004779806530929875
34150 0.00498189792931489
34200 0.005831811706065608
34250 0.011860610816587508
34300 0.005057929877297552
34350 0.00476437088301027
34400 0.005432892435057297
34450 0.004885102975193387
34500 0.004636500953126049
34550 0.00457248661813195
34600 0.005883441261286509
34650 0.0054680200214063624
34700 0.005001447406531205
34750 0.004997411410963996
34800 0.004774927731063748
34850 0.004942295033226419
34900 0.009053788829229548
34950 0.004718198047438087
35000 0.005094131579255902
35050 0.0045990637890730955
35100 0.0044740358683827
35150 0.004642841334120177
35200 0.004734809694626174
35250 0.004838741460321256
35300 0.004845799096838249
35350 0.004796750094905776
35400 0.004936973575734853
35450 0.004973853949934319
35500 0.004708744528450849
35550 0.004782121342166376
35600 0.004869856503389609
35650 0.004704336752154187
35700 0.004698189146572974
35750 0.00471855099828355
35800 0.004723717817908009
35850 0.004718015560880601
35900 0.0045196857396283775
35950 0.00481427607926423
36000 0.0047007671184393605
36050 0.004517646853786343
36100 0.004674089182395482
36150 0.0046938214148669185
36200 0.0046240836818971474
36250 0.004726464352712094
36300 0.004667593618191915
36350 0.004766522108142014
36400 0.004898979672268433
36450 0.0061762332312156
36500 0.004593875058182441
36550 0.004907131790832322
36600 0.004770129256036006
36650 0.005075163417466139
36700 0.0045440281251916065
36750 0.004425566451442512
36800 0.004740530791008776
36850 0.004943343555391851
36900 0.005186736582430682
36950 0.005455554892373227
37000 0.004620533997350081
37050 0.004616260264673547
37100 0.0046640300938378424
37150 0.004649720786244276
37200 0.004407410154870225
37250 0.005286262204826256
37300 0.004699732295130266
37350 0.0052326124973592555
37400 0.004531017520689011
37450 0.004535333733966822
37500 0.005327957120589771
37550 0.0045648766821151715
37600 0.004723792035983829
37650 0.004953483046075271
37700 0.004889925586221725
37750 0.00456523291488031
37800 0.004842851509547875
37850 0.004907053328962615
37900 0.00904762031479084
37950 0.0046895432818180515
38000 0.004458630462142224
38050 0.00461506936680961
38100 0.004707044199080001
38150 0.004450887403833489
38200 0.004447254786843469
38250 0.004496307541638735
38300 0.0045603950882345985
38350 0.005398745668417407
38400 0.004246084728972713
38450 0.00671582874523784
38500 0.00422270804504935
38550 0.004794586522324354
38600 0.004440473150765862
38650 0.004557988166096767
38700 0.004413198325180536
38750 0.0046240818622450145
38800 0.0048820603790380975
38850 0.004462702619236438
38900 0.004690211900862207
38950 0.004447684670265669
39000 0.004537585610577188
39050 0.005834469677038019
39100 0.004309598943082693
39150 0.0045873400406752
39200 0.005306208759822178
39250 0.004445923905734677
39300 0.00504378799874117
39350 0.004286469730208298
39400 0.004206707290007955
39450 0.004716533128550031
39500 0.004583404474542252
39550 0.0042944126113245076
39600 0.004431913166246952
39650 0.00427251583170949
39700 0.005003851137233268
39750 0.00445902274817
39800 0.004363867337923147
39850 0.00506278051999587
39900 0.004638896012592674
39950 0.004715015451842948
40000 0.004366528530061015
40050 0.004758703324536249
40100 0.0046088392879316455
40150 0.004739722387255274
40200 0.004667140291444319
40250 0.004805372263035453
40300 0.004997696632750542
40350 0.0046321366853077995
40400 0.004460236188331455
40450 0.004641767176557884
40500 0.004412425879275732
40550 0.0044924523514959175
40600 0.005779962027705233
40650 0.00442608588299527
40700 0.0044695313708271655
40750 0.00442814884294887
40800 0.004511680436341313
40850 0.004378439738175292
40900 0.006101751627084185
40950 0.004667185645688498
41000 0.0044996209038229385
41050 0.006292932068117386
41100 0.004465816981674488
41150 0.004698269049477524
41200 0.00436508458523169
41250 0.00444008473268802
41300 0.004569266045375811
41350 0.004360873856690468
41400 0.004530674406962338
41450 0.00540829376873658
41500 0.0045985131610525405
41550 0.004318071157440133
41600 0.004514196243956828
41650 0.004497187178666178
41700 0.004603473587818583
41750 0.004977671772480241
41800 0.004777314925805474
41850 0.004228866257044884
41900 0.004698014627701062
41950 0.0042218148462011005
42000 0.004649299277584102
42050 0.008002511902209521
42100 0.004212372871192173
42150 0.004434225023689875
42200 0.005538638730644022
42250 0.004331117466711142
42300 0.005942435318131452
42350 0.005317553219742997
42400 0.0048813347306601055
42450 0.004346139057644823
42500 0.006552337663860116
42550 0.00468513710309996
42600 0.0041702965102590256
42650 0.004403242098935577
42700 0.004286723804050303
42750 0.005050123130330912
42800 0.0043452308250270305
42850 0.00452317648761163
42900 0.004387870423247833
42950 0.007612940532939714
43000 0.004448942297013115
43050 0.0042638101234983615
43100 0.004819291035428442
43150 0.006144297267822826
43200 0.0049349301638060145
43250 0.004552010469770591
43300 0.004295995732736334
43350 0.0042167991215502874
43400 0.005252032506231871
43450 0.004643020408861748
43500 0.005037758052039028
43550 0.007231644427235914
43600 0.004428054357813305
43650 0.004759083662501058
43700 0.004249560423076459
43750 0.004412654780636577
43800 0.004587587606243178
43850 0.004750810574185662
43900 0.00478722433575399
43950 0.004187101818860743
44000 0.004209279128470995
44050 0.00423585537870919
44100 0.005267539265843472
44150 0.004141165401273613
44200 0.004310873355999175
44250 0.00431128254121726
44300 0.005766056615674877
44350 0.005688959914190858
44400 0.00608039068403682
44450 0.00433236246979971
44500 0.004827063889780826
44550 0.0040172795180498455
44600 0.0046675486783411555
44650 0.004690093849931344
44700 0.004708697939180841
44750 0.004792844554365796
44800 0.00465030074611435
44850 0.00404455965360734
44900 0.00453665416897743
44950 0.004286494146373005
45000 0.004247759387994702
45050 0.004664600543550202
45100 0.004037175823212736
45150 0.004932021576838364
45200 0.005122376142005436
45250 0.004256524486822575
45300 0.004488027394139879
45350 0.004258247402040833
45400 0.004151215763468136
45450 0.004196318604363461
45500 0.0048465548663075755
45550 0.0049790142316425996
45600 0.004528194788887252
45650 0.004571803923095526
45700 0.0045042068160886205
45750 0.004188589699547096
45800 0.004155370488282938
45850 0.0042418361620570584
45900 0.004375099424879866
45950 0.004199716436932531
46000 0.004462214819769886
46050 0.004208585099760901
46100 0.004259365918750554
46150 0.004366427282808982
46200 0.004219168589708683
46250 0.004130785137847916
46300 0.004212980798840028
46350 0.004818259770158935
46400 0.004827656763276668
46450 0.004185581445364272
46500 0.004784424303480097
46550 0.004256182668333428
46600 0.0046245876120692775
46650 0.00598917617283592
46700 0.004468630140089334
46750 0.004356413224149489
46800 0.004818803433123627
46850 0.004363304154129191
46900 0.004040094733269798
46950 0.004242121096316954
47000 0.004236900547815561
47050 0.004592581122513235
47100 0.004144114207514947
47150 0.003917852619212946
47200 0.0051002949138386645
47250 0.0047714216813778635
47300 0.004234437886004335
47350 0.004491357920679897
47400 0.0040780461466361296
47450 0.005307895171540347
47500 0.004212249221606303
47550 0.004349426513539593
47600 0.007480355884398539
47650 0.004156931390737526
47700 0.004057734763460156
47750 0.005055671885417813
47800 0.00436647557590981
47850 0.004268288079009928
47900 0.004187489102248875
47950 0.0042388553449545325
48000 0.0042502929925104585
48050 0.003886622195566826
48100 0.004181294123625089
48150 0.004205324614577856
48200 0.0040374263258598055
48250 0.00393706407670831
48300 0.004098721248434171
48350 0.004177787392723137
48400 0.003935193585950867
48450 0.0040988265733015745
48500 0.004402429541232279
48550 0.00398279987233384
48600 0.0040846990178748325
48650 0.004116332296642
48700 0.004338331335722004
48750 0.0037734061674941327
48800 0.004218607514160433
48850 0.004138132239471621
48900 0.004331242962491775
48950 0.004137429542794486
49000 0.004009343504030026
49050 0.004200988031818261
49100 0.004054712561651223
49150 0.004236292691648146
49200 0.004051165507419191
49250 0.004005005580943013
49300 0.003887699171213582
49350 0.004163292367090347
49400 0.0040073365455305385
49450 0.004176133130584447
49500 0.0041427197548963065
49550 0.004182318107926428
49600 0.00392660245014416
49650 0.004223354670122565
49700 0.0038413289080095362
49750 0.0041299322634056205
49800 0.0038943336435395375
49850 0.004114166426196238
49900 0.004141806678943769
49950 0.004187577084323162
50000 0.0041862963059738365
