50 0.17555614908301673
100 0.13363528438878072
150 0.12232373767064963
200 0.11055780895860753
250 0.09236032589874095
300 0.08576258693896356
350 0.08004112344947344
400 0.0725654943252444
450 0.06539335099758782
500 0.059993907099572114
550 0.05519286251719308
600 0.04660391514463108
650 0.04523732339139774
700 0.03856472263881976
750 0.03588136097200456
800 0.05175578415581812
850 0.030632576422982467
900 0.05462364206457296
950 0.025719112378151072
1000 0.024964992943025628
1050 0.02407949807502299
1100 0.027545702872303655
1150 0.03425177319292479
1200 0.025011873205421836
1250 0.02200497103803152
1300 0.02200715349371569
1350 0.02140344379878988
1400 0.020082339249233416
1450 0.07857234477987106
1500 0.02165775365893759
1550 0.020218980825583804
1600 0.03648111341657096
1650 0.021367028314768995
1700 0.02005448542633083
1750 0.02148030666511678
1800 0.038680606878198194
1850 0.02068877423375049
1900 0.019509785121507372
1950 0.019248091841242612
2000 0.01850237302548646
2050 0.028278314874389778
2100 0.022990450168932933
2150 0.019733674597743438
2200 0.02418408130453661
2250 0.0480401671130335
2300 0.025870918061867337
2350 0.01750743562899521
2400 0.07002242001247591
2450 0.018372077901715873
2500 0.04981207845806004
2550 0.020217416079797934
2600 0.017476638874768795
2650 0.02656379791380992
2700 0.01693974404173362
2750 0.01670587879211923
2800 0.01851201467464426
2850 0.02191267768818631
2900 0.06691174411553052
2950 0.017661802290092888
3000 0.019464131666585262
3050 0.01966045630103087
3100 0.02169753833686898
3150 0.015370485527471956
3200 0.017304506122895216
3250 0.01692169107228238
3300 0.021562610611369673
3350 0.02347155542396051
3400 0.01922632827274299
3450 0.01844813098590831
3500 0.01669886752649505
3550 0.04976116146766866
3600 0.020957366052030038
3650 0.031847324191217635
3700 0.028185350578975768
3750 0.01713796632163635
3800 0.017127511103521263
3850 0.07202059715676727
3900 0.017431208127321244
3950 0.014679917447285484
4000 0.017042789590272896
4050 0.014955624048160025
4100 0.015944723711512298
4150 0.0245474337997431
4200 0.015370533330361986
4250 0.01708225542490507
4300 0.0204601034085002
4350 0.021525100992507103
4400 0.015940251117548748
4450 0.02585105744051787
4500 0.01561662753885465
4550 0.019754617930519667
4600 0.016822891410814018
4650 0.022801066436335966
4700 0.02372053942033836
4750 0.014587072984161195
4800 0.016665006921060134
4850 0.015784703037860642
4900 0.016301626144089237
4950 0.016391032840659608
5000 0.01714475066002579
5050 0.015174219271372207
5100 0.013855957308727847
5150 0.014540779482282275
5200 0.013813392733385763
5250 0.012885167457295427
5300 0.014437351637245861
5350 0.013527813686422073
5400 0.01390580267379809
5450 0.01428731241474053
5500 0.01298583586164686
5550 0.013586538798901017
5600 0.01359162603341098
5650 0.013559825706184588
5700 0.013128995848697714
5750 0.013737525432902183
5800 0.013898884653493421
5850 0.01339553377418865
5900 0.012275431073263697
5950 0.013863912326211182
6000 0.013189843918717943
6050 0.012557587178245077
6100 0.016130610661256563
6150 0.017101086293131885
6200 0.022653084874710166
6250 0.012045645554906715
6300 0.012997809378143649
6350 0.014344682462479883
6400 0.012781052034856993
6450 0.015553801565112525
6500 0.012643295025038328
6550 0.02206124575304925
6600 0.011701334782917282
6650 0.024275373696005513
6700 0.012205446117075887
6750 0.016667231728485138
6800 0.026431105095867546
6850 0.01283175315840661
6900 0.01185448357235193
6950 0.011582724078410786
7000 0.012014331792933867
7050 0.012067863499265362
7100 0.014655742035833492
7150 0.012891125702617226
7200 0.011072663776011089
7250 0.011617230529153328
7300 0.01222163024791651
7350 0.011460626624405298
7400 0.023064135100157583
7450 0.0213756757481689
7500 0.012064739754941066
7550 0.011858899437028803
7600 0.010928265122064395
7650 0.01579393772239257
7700 0.01132053287833499
7750 0.01208115855443942
7800 0.013917498686470816
7850 0.0131467731510038
7900 0.016226540795100743
7950 0.012800904970442005
8000 0.011216361463359898
8050 0.02064517489814362
8100 0.011858018182711382
8150 0.014938334858397809
8200 0.010723570993142332
8250 0.0110512468828437
8300 0.014476122279079363
8350 0.010913676862159502
8400 0.015676500254204
8450 0.019446066500663967
8500 0.010726399910998607
8550 0.010854955376358482
8600 0.010754214994956301
8650 0.014193528433448262
8700 0.010453666564803324
8750 0.020637057090999476
8800 0.011002346030034995
8850 0.043585976359284836
8900 0.011590096278491233
8950 0.01074975555428023
9000 0.04332123087487572
9050 0.011348168382074546
9100 0.01115725740303072
9150 0.015504345082622885
9200 0.01781909863338898
9250 0.010515519651445569
9300 0.012320323118141553
9350 0.011598237866427443
9400 0.013910898831053271
9450 0.01250579555263738
9500 0.031456350026561754
9550 0.011089036982294
9600 0.010250584224908868
9650 0.013830189752767298
9700 0.011066544084233224
9750 0.03141156589330421
9800 0.012214730651170564
9850 0.0161598901993702
9900 0.012394406207283742
9950 0.010389845162133956
10000 0.02918728719985833
10050 0.009751972146297664
10100 0.010446115154751568
10150 0.009861009809765184
10200 0.010015583198370046
10250 0.01062378902953779
10300 0.010514749523917837
10350 0.00990070531464409
10400 0.010172378611045209
10450 0.010396527314354758
10500 0.010088811744577755
10550 0.01025867808635125
10600 0.00976043921218518
10650 0.009902288212830736
10700 0.010343892107683389
10750 0.0097559283456987
10800 0.01045300058873017
10850 0.009948152894350559
10900 0.009935727601722653
10950 0.010231918205592948
11000 0.009468452279486788
11050 0.009842318038739792
11100 0.00939481075583251
11150 0.009377821015467424
11200 0.013392973060502937
11250 0.009664533910108268
11300 0.01059283129908008
11350 0.010046226903628016
11400 0.01036561573879212
11450 0.009723296158485767
11500 0.009577715251415259
11550 0.009662454662985908
11600 0.009803106570617913
11650 0.00892087031003318
11700 0.008788103173623106
11750 0.008937172773722102
11800 0.008662414535384346
11850 0.011045851983523166
11900 0.012549633478177922
11950 0.009521140928559095
12000 0.008419290447851535
12050 0.027861138297325606
12100 0.009113448735180536
12150 0.009012992854942347
12200 0.00904050502178481
12250 0.009952554995119305
12300 0.009317173734465922
12350 0.011214632466988547
12400 0.008867184326720795
12450 0.008939188772908674
12500 0.008475515743050577
12550 0.008812056647193386
12600 0.009260366518375718
12650 0.008702655594951435
12700 0.00932460021882679
12750 0.009662616179755952
12800 0.008792169644916754
12850 0.013229812574846352
12900 0.008356936754682139
12950 0.008892432360792972
13000 0.028042632032530046
13050 0.008181827631007905
13100 0.00933065652983176
13150 0.020557652891231525
13200 0.00827514124810627
13250 0.00814024978438396
13300 0.012199407805098473
13350 0.009387823838415738
13400 0.00828128519266153
13450 0.008941131512230907
13500 0.010927779937823004
13550 0.012560201975584311
13600 0.016797797161990365
13650 0.00890577138039302
13700 0.0111811163448446
13750 0.007703228548264582
13800 0.008016366193752842
13850 0.016049136735417316
13900 0.008524035494352336
13950 0.008261291677711669
14000 0.011445504702281752
14050 0.008173318991095772
14100 0.009776443911818887
14150 0.008812637026039119
14200 0.009725589274366979
14250 0.008534106802943765
14300 0.015692350799349775
14350 0.008919939013658628
14400 0.007825541206386127
14450 0.010724334693880686
14500 0.008801835989115271
14550 0.008297454905981902
14600 0.009796765066596375
14650 0.00842071936718006
14700 0.00799499911612317
14750 0.008071621748744245
14800 0.008642162464656284
14850 0.00781751603754768
14900 0.009533283805696926
14950 0.012898469773618611
15000 0.008351821826709504
15050 0.015808002476664765
15100 0.007953536687562952
15150 0.00764300301219062
15200 0.008002922489502863
15250 0.008867237395733085
15300 0.007647771037296742
15350 0.009224773186710453
15400 0.015176779319285068
15450 0.007834212175589696
15500 0.00975946978111023
15550 0.00826175988034052
15600 0.008004081783549409
15650 0.007565127273850148
15700 0.007456589883043864
15750 0.010670773593621362
15800 0.008860993396755782
15850 0.009524528875724423
15900 0.01282821614319821
15950 0.009483238570545586
16000 0.03400844403970697
16050 0.007848017720354362
16100 0.007574326450348492
16150 0.009686892565158381
16200 0.008156889772189889
16250 0.007604575380476621
16300 0.008221051152577813
16350 0.007732660237693357
16400 0.007758164022214835
16450 0.007497472909542461
16500 0.012341413696436722
16550 0.007277675810001862
16600 0.012883954210356718
16650 0.008232705875148258
16700 0.009205651039508154
16750 0.007566303732963051
16800 0.011086127166493395
16850 0.007665910713612649
16900 0.009324702806563747
16950 0.00811801324245155
17000 0.013867759063589207
17050 0.007317250659323319
17100 0.010793139853670471
17150 0.006929766116032662
17200 0.03617039126968566
17250 0.007509660434679423
17300 0.0075227992727285
17350 0.007546066684052074
17400 0.010309851491570899
17450 0.008029456685242782
17500 0.007426125256187264
17550 0.013227251369742121
17600 0.007511083622045637
17650 0.007583154955220099
17700 0.008286223534986786
17750 0.01365824363619046
17800 0.00835216997773852
17850 0.007268660454699931
17900 0.008079083708534713
17950 0.007235615104519937
18000 0.011344441762024786
18050 0.008512360327156996
18100 0.007740957204581771
18150 0.008377814760866992
18200 0.007944206687667424
18250 0.009553393959131583
18300 0.007929740017398785
18350 0.01146110097422666
18400 0.007481359292884614
18450 0.0069635621345490095
18500 0.020827177270674548
18550 0.006962325202455119
18600 0.008498060506187682
18650 0.009615274111072372
18700 0.00996241411813022
18750 0.01286562375896177
18800 0.0076785403274205735
18850 0.014294652720069044
18900 0.007054230426005804
18950 0.007311663701219519
19000 0.015674834602557586
19050 0.007401708706636461
19100 0.006918659474664276
19150 0.007054313501998044
19200 0.006991657190028771
19250 0.0069997261146933195
19300 0.006952829471752152
19350 0.012212367388533043
19400 0.007185337237523537
19450 0.006674358296210837
19500 0.014991120911175814
19550 0.007585076796560884
19600 0.009218665184317042
19650 0.006910424765304618
19700 0.007787459106813526
19750 0.00865104592937035
19800 0.006988420053797804
19850 0.006889243357009078
19900 0.0075108855096701985
19950 0.014103358948246266
20000 0.007300010166074068
20050 0.007076048571667854
20100 0.00730535557410716
20150 0.006552671261911211
20200 0.007007109313093219
20250 0.006844056859059358
20300 0.006883436585947532
20350 0.007239370162702452
20400 0.007063879255683038
20450 0.007542806417590344
20500 0.007222697346853336
20550 0.006899875160411715
20600 0.006499961309812227
20650 0.007016405316833008
20700 0.007069886237298127
20750 0.007145623278995442
20800 0.006657707243195848
20850 0.0064981582593790195
20900 0.006536827049321972
20950 0.0064896685199455064
21000 0.006913237080089873
21050 0.006387054661322104
21100 0.006691182720113911
21150 0.00698870766919161
21200 0.006382296440887369
21250 0.007070386698947061
21300 0.007694138022348129
21350 0.006609799352491872
21400 0.006970394088120498
21450 0.006787877839009317
21500 0.007059879460873814
21550 0.006596478116961185
21600 0.0068244696346010094
21650 0.007356359324417624
21700 0.008430883279435648
21750 0.006365759032569161
21800 0.006720992712237073
21850 0.006436593271957763
21900 0.007260999817628373
21950 0.007487727236068533
22000 0.006597940300228425
22050 0.007147050560761482
22100 0.007434030038632802
22150 0.0070785053263651004
22200 0.007367413630534967
22250 0.006731654435806642
22300 0.007411520604228151
22350 0.0069286504967864745
22400 0.007028728768737869
22450 0.008884541607545874
22500 0.006893129361842462
22550 0.006537013710046226
22600 0.006379764484982305
22650 0.0068616845438403485
22700 0.006352363157094877
22750 0.007339409240935895
22800 0.006527435738812813
22850 0.00738077042204945
22900 0.006230707480731808
22950 0.0065481489112961455
23000 0.006419305065317428
23050 0.007122475118035165
23100 0.006881019313847903
23150 0.005991930718975637
23200 0.007118564081429515
23250 0.009432813638579332
23300 0.0064791411667302744
23350 0.007086716417672409
23400 0.012883763742385054
23450 0.007391650140959766
23500 0.006364776030702189
23550 0.006339224191280219
23600 0.009736997995996541
23650 0.006510824570803416
23700 0.006378195253160258
23750 0.0060434812841155365
23800 0.006364768744727162
23850 0.012541726901468533
23900 0.007272426852379739
23950 0.008046114652353237
24000 0.006749193934532659
24050 0.006367479924926966
24100 0.009680522757146539
24150 0.0065515665100494445
24200 0.01241266603405594
24250 0.006189634673294428
24300 0.006502537489000706
24350 0.008369220734779352
24400 0.006942532555653977
24450 0.005888269550540356
24500 0.006635043885999892
24550 0.006162647750762485
24600 0.006151773223703015
24650 0.009712557741429019
24700 0.006361411467418317
24750 0.006545054205294298
24800 0.007424723346876194
24850 0.006518318040305807
24900 0.006766211277119618
24950 0.006391157071403354
25000 0.008159240222639183
25050 0.009338019367621424
25100 0.006828206235981261
25150 0.006167370499620966
25200 0.006390843527891649
25250 0.008351660052284993
25300 0.006078685537188329
25350 0.006173742750449816
25400 0.006155343181528384
25450 0.007451783333574553
25500 0.006956414811633152
25550 0.007269931624373634
25600 0.0074308738445249016
25650 0.006382832524111728
25700 0.006605924000934992
25750 0.012297392961561335
25800 0.0070085476349082765
25850 0.008876950221770569
25900 0.0068933244277610585
25950 0.008409789066609769
26000 0.011265469446995713
26050 0.00592764877723161
26100 0.006156438207400451
26150 0.00812267325244034
26200 0.006071810366732395
26250 0.008003386978126062
26300 0.008517944819665786
26350 0.006833172706790096
26400 0.013716456647481525
26450 0.005941170454374001
26500 0.005814502877426914
26550 0.008596763429142859
26600 0.006170959570583084
26650 0.006430736584312173
26700 0.008881190782348504
26750 0.0059543000138333
26800 0.00556158190413618
26850 0.006075205951523867
26900 0.006704606449710834
26950 0.006760618770514229
27000 0.006084047469929886
27050 0.007622091659965751
27100 0.006023799270378725
27150 0.005850821032475472
27200 0.005861703248213111
27250 0.0060461145617387675
27300 0.006829515384491017
27350 0.00569562787830949
27400 0.006488273727815436
27450 0.005960837183758594
27500 0.005660879464795164
27550 0.005736466372989468
27600 0.005942450255884457
27650 0.005979624303853332
27700 0.006956540946031937
27750 0.0074693821492930615
27800 0.006547157650861944
27850 0.005571195933180957
27900 0.007201990603106087
27950 0.005976126375580365
28000 0.006346062183097377
28050 0.005888647733529475
28100 0.006121632796613472
28150 0.005723615347249914
28200 0.0069400152019785805
28250 0.005786164359685547
28300 0.0061471446655168484
28350 0.005732554656622461
28400 0.005666229567874307
28450 0.005634656884709776
28500 0.00671351518214588
28550 0.005872371922244392
28600 0.00588691354904767
28650 0.010775478694215928
28700 0.005616283026723063
28750 0.006849354231500202
28800 0.006124775832406943
28850 0.00793145244289919
28900 0.007797609030805566
28950 0.005628395492355216
29000 0.005851915169979406
29050 0.005945389385188764
29100 0.006345400077502733
29150 0.006884029308632137
29200 0.009750006587512728
29250 0.006308900094186647
29300 0.005814129018785183
29350 0.006095914661100808
29400 0.0066637403430910335
29450 0.00609830669652552
29500 0.008484725130963608
29550 0.005777169173030535
29600 0.005876003023682005
29650 0.007922418371652813
29700 0.008057500347641373
29750 0.0060173696579486095
29800 0.0067277713650403855
29850 0.006357501473350248
29900 0.005791491459952411
29950 0.005170432186037997
30000 0.008026341259990388
30050 0.006068918338440355
30100 0.005701814997639311
30150 0.0056869962653826045
30200 0.005951317495855446
30250 0.006010902538350552
30300 0.005638899776115846
30350 0.009853777018055225
30400 0.005440897663828247
30450 0.007270438958577713
30500 0.005682681170925666
30550 0.00700521404249624
30600 0.0055834306666800865
30650 0.005877971033978171
30700 0.005708180260320594
30750 0.005290981846248617
30800 0.005354602816446793
30850 0.005531629437680512
30900 0.006437675543338605
30950 0.005442017469960923
31000 0.006748969532877822
31050 0.005627967134522077
31100 0.006356025955115291
31150 0.0054193135050955915
31200 0.006410928547484368
31250 0.01064204081235854
31300 0.005842893527837289
31350 0.00701235618431506
31400 0.005480927537138948
31450 0.007324290294643199
31500 0.005842268601094046
31550 0.005307120368161699
31600 0.005645346195587847
31650 0.005575653080211715
31700 0.005991222017008102
31750 0.006234899542377232
31800 0.006397070828856843
31850 0.006368226229994521
31900 0.0069212235167362655
31950 0.010244788549201609
32000 0.005627212114634346
32050 0.0059978280166897175
32100 0.009475103737335322
32150 0.0059914220224015985
32200 0.005531494034130565
32250 0.0058151609883179784
32300 0.005712541388451907
32350 0.0073463380021852485
32400 0.006039600332358227
32450 0.0066006092894459936
32500 0.005559226161503668
32550 0.006385302316619094
32600 0.015105208005797966
32650 0.0058883500190600015
32700 0.006577064544641557
32750 0.005627060044433672
32800 0.006308247400807716
32850 0.0051799309816970025
32900 0.005358026128648716
32950 0.005386810440415656
33000 0.006711535575766629
33050 0.0054565291402094976
33100 0.005299495239444665
33150 0.0054077824894849715
33200 0.006868120136482883
33250 0.005511792909266581
33300 0.005575912500543047
33350 0.005659825340402967
33400 0.010711058167591008
33450 0.00723044962796453
33500 0.006236976513089075
33550 0.00576226301266706
33600 0.005970655506058173
33650 0.005424508037199023
33700 0.0055614600324264294
33750 0.005699403401225877
33800 0.005705279223590658
33850 0.005532510569166075
33900 0.007224497042781238
33950 0.00576678776118076
34000 0.00684227624595333
34050 0.005615768596380885
34100 0.005294793509583952
34150 0.006265313776904764
34200 0.005894936919144534
34250 0.0059923481000039615
34300 0.0061108664030294505
34350 0.00540990598482133
34400 0.0052096744135344585
34450 0.006508739271150324
34500 0.01442829758178568
34550 0.0050084789318874225
34600 0.00557148671712102
34650 0.009615151383425845
34700 0.005394279160286428
34750 0.005127634754283437
34800 0.005350412350915117
34850 0.005738110600794443
34900 0.00520240831314209
34950 0.0059903441198698665
35000 0.009052838430450969
35050 0.0051434160456067975
35100 0.005207278108876594
35150 0.005213833230682943
35200 0.005070377822584319
35250 0.00521282153114831
35300 0.005244910381475851
35350 0.0053941935119812675
35400 0.0051272562796749665
35450 0.005072450238864143
35500 0.005279537062571195
35550 0.005087099304042064
35600 0.00505514436417812
35650 0.005577733957851547
35700 0.005415475394371712
35750 0.0051267585436119666
35800 0.00510378382207165
35850 0.005321691181468256
35900 0.005084097011284025
35950 0.00510869682851869
36000 0.005085549716926228
36050 0.0047003293786183255
36100 0.005420677437713424
36150 0.005134007612954296
36200 0.005023976513082958
36250 0.005244552805211374
36300 0.005096533952065246
36350 0.005855905188384003
36400 0.004952032041605733
36450 0.005719130346201094
36500 0.006101889111913342
36550 0.005264351468581984
36600 0.006165245566420591
36650 0.005643812741656565
36700 0.005169229227444444
36750 0.005195042798299822
36800 0.005818325931710047
36850 0.005216899800372954
36900 0.0053443475249766535
36950 0.005100262371969529
37000 0.004845852836705643
37050 0.005959004348597542
37100 0.0053668940832901964
37150 0.0049854463159414095
37200 0.005212254900857617
37250 0.0052564837992401196
37300 0.004885573954787331
37350 0.005403135056198061
37400 0.006590893156656321
37450 0.005523319508497369
37500 0.005971066138155598
37550 0.005364792388139624
37600 0.005161485642745705
37650 0.005271207476461624
37700 0.005359984840805498
37750 0.0051306231439465
37800 0.005583567196428172
37850 0.005979809760303387
37900 0.0051009918992534365
37950 0.005161080222841667
38000 0.005496982870284204
38050 0.00497099259108838
38100 0.005064847868813748
38150 0.004992452365914746
38200 0.0050936438388075305
38250 0.005221713024377468
38300 0.004919633695591219
38350 0.0061370071492726835
38400 0.007839573831866344
38450 0.005205201239015785
38500 0.005113193770239917
38550 0.005306571057455648
38600 0.006003181199830075
38650 0.005263870175787633
38700 0.005908055286927025
38750 0.005221639543595449
38800 0.005029158001056057
38850 0.004897196806652544
38900 0.005320092724895945
38950 0.006273133478594394
39000 0.004834425243519184
39050 0.005901762749301737
39100 0.005237850093332529
39150 0.00516102751244894
39200 0.006467994571432124
39250 0.005458565643063687
39300 0.005102868155378395
39350 0.005229591804374445
39400 0.0055549852441821555
39450 0.005466062099738215
39500 0.004822090232137969
39550 0.005100041851905606
39600 0.00569205024151504
39650 0.0052049966170004455
39700 0.005161253519010545
39750 0.005598805673844095
39800 0.004980121186025416
39850 0.005305939725309693
39900 0.005559123919231431
39950 0.004693710133451165
40000 0.0049479508317505725
40050 0.005111382986108355
40100 0.005860614362836023
40150 0.005094674034703586
40200 0.0049603550936999944
40250 0.006466270031130593
40300 0.004963859873999161
40350 0.005913073668981884
40400 0.005699650118583614
40450 0.0050203778272076855
40500 0.004907265384186136
40550 0.005572728002021613
40600 0.005072526852877487
40650 0.006245946293269921
40700 0.005260798377937456
40750 0.005171179952809864
40800 0.005271038070443958
40850 0.005567712910123313
40900 0.005409863769614506
40950 0.0046439158210179465
41000 0.005022377443700085
41050 0.0052333809399746105
41100 0.005075694661243065
41150 0.0047857824933679495
41200 0.004794648783015135
41250 0.004867099960683556
41300 0.005833068843042303
41350 0.004692381074612872
41400 0.005634084237416916
41450 0.006086571286213341
41500 0.004882514396982119
41550 0.004961868757186834
41600 0.005840304195471743
41650 0.0047036807990994915
41700 0.004912013929219075
41750 0.004758716216036952
41800 0.00514153603945229
41850 0.005125171154647531
41900 0.0045702795471120605
41950 0.00537740584651959
42000 0.005065050880747703
42050 0.006654204184100113
42100 0.0052440910844389925
42150 0.004885976071302263
42200 0.005156858035133142
42250 0.004707013287357401
42300 0.004704561425653178
42350 0.0048723247251240415
42400 0.007519792871992155
42450 0.004891189590919819
42500 0.0052633291068178096
42550 0.0049252057557900636
42600 0.004756837861680402
42650 0.006668424504936223
42700 0.005017820487601956
42750 0.005040598342577005
42800 0.004764552913365614
42850 0.004950249883301667
42900 0.004753214209034174
42950 0.005028035038778155
43000 0.005486598328983598
43050 0.004879765294683119
43100 0.009755952689671155
43150 0.004531665557363455
43200 0.004482171102070472
43250 0.004424264207797629
43300 0.0053900968740053954
43350 0.00524373206247025
43400 0.006969291518141115
43450 0.004821449775300243
43500 0.005743712491735248
43550 0.00586569636702247
43600 0.005727544196035313
43650 0.004572869539935946
43700 0.0059270388744848464
43750 0.005604205120045341
43800 0.004961089902216346
43850 0.0047599352354633995
43900 0.004338746737569154
43950 0.005222015798166259
44000 0.004917375024975656
44050 0.004576599962590728
44100 0.004964579675148593
44150 0.004953327788329263
44200 0.00603019625310258
44250 0.004437279553221047
44300 0.005614946536530254
44350 0.006023789373312155
44400 0.005603412793840571
44450 0.004729652101339469
44500 0.006172930894487616
44550 0.005530897444969288
44600 0.004854743585814781
44650 0.004698573581151417
44700 0.004800279776820884
44750 0.004386458856933929
44800 0.004936931360763797
44850 0.004858045846037381
44900 0.004755103892781119
44950 0.0046583448182151346
45000 0.004535333604590582
45050 0.005070479670410264
45100 0.0052793116795924674
45150 0.004757720124935737
45200 0.00468999388441933
45250 0.004552374167682873
45300 0.004767488010752024
45350 0.004750867033407174
45400 0.004868386826862328
45450 0.004687256327150583
45500 0.005219720063604546
45550 0.005660253530436354
45600 0.005169974833810998
45650 0.004814574596579166
45700 0.0044895625418438015
45750 0.005041556431245154
45800 0.004891569892380788
45850 0.004758977405017918
45900 0.004554029909454556
45950 0.00618138655399177
46000 0.004776445705960237
46050 0.004905586845254343
46100 0.004646257854636767
46150 0.00491336406413007
46200 0.004459163188950521
46250 0.0066377258107057175
46300 0.004708818021415642
46350 0.004669234050312094
46400 0.005297480268512626
46450 0.0049682153996381505
46500 0.004872946734712284
46550 0.004881338629476071
46600 0.004719328848839972
46650 0.005004477898917724
46700 0.004736742249100335
46750 0.004790053267861043
46800 0.005292676727927599
46850 0.0045989222944293195
46900 0.006084603930843569
46950 0.005492671415082441
47000 0.004792436909239026
47050 0.008266325259310689
47100 0.0046686106585590486
47150 0.005447493853482316
47200 0.004618588512767919
47250 0.007902839711139522
47300 0.004921970428924639
47350 0.004523832646354386
47400 0.006973363816411038
47450 0.006273920161108576
47500 0.004960005123537263
47550 0.004584073528127192
47600 0.005558427392220556
47650 0.004800770090578888
47700 0.004788840815376324
47750 0.004698522775085609
47800 0.007934099360256939
47850 0.004592240821170476
47900 0.004737194374824173
47950 0.005188866463744434
48000 0.004882339868103841
48050 0.004422390839183327
48100 0.0044762178872624
48150 0.004614245013810651
48200 0.004984053195447222
48250 0.004378239449413799
48300 0.004348079567082266
48350 0.004423119339412261
48400 0.004230990056287582
48450 0.004734322146409518
48500 0.004562703176748876
48550 0.00446555441344956
48600 0.004744556467240974
48650 0.004464783400439027
48700 0.004563189646625842
48750 0.004193362093250939
48800 0.004656761153789661
48850 0.00443840394086719
48900 0.004358889781736905
48950 0.004516310351547476
49000 0.0046580559025625
49050 0.004436711740582114
49100 0.004628659114432085
49150 0.004243233167486263
49200 0.0044928238916424005
49250 0.004416112307556357
49300 0.004585345776843238
49350 0.004298078638073859
49400 0.0046880594609437715
49450 0.004672114124798113
49500 0.004443233809413196
49550 0.004597575951804171
49600 0.004235788209064008
49650 0.004504592007505852
49700 0.004600273087837822
49750 0.004644833864564855
49800 0.004653143420137914
49850 0.0045400888418920945
49900 0.004498334019530594
49950 0.004438515593955792
50000 0.004680449475025272
