50 0.26015809364820386
100 0.1551575849382208
150 0.14174874780951957
200 0.12890510623622656
250 0.10829129772455423
300 0.10392350423757978
350 0.0872977887715379
400 0.08661727455431446
450 0.08289908499076377
500 0.0692875624649266
550 0.06304247708796831
600 0.0659214325689708
650 0.059215170430115614
700 0.07580925098594658
750 0.10157693362387729
800 0.05682244829549487
850 0.04966663137281028
900 0.05537772609032948
950 0.04469625763996857
1000 0.0435489672678791
1050 0.04798183585310464
1100 0.03906687523741842
1150 0.039141129705528674
1200 0.04786586692004054
1250 0.03246527344416741
1300 0.02989924428533728
1350 0.029139577542731367
1400 0.03161263333017231
1450 0.02668808478413043
1500 0.02692828071141097
1550 0.028193486360612648
1600 0.0281693421242963
1650 0.03685994897257066
1700 0.025129601864141128
1750 0.029025168035863937
1800 0.022526038023910126
1850 0.030532924712684668
1900 0.02536914257577945
1950 0.02482866168768545
2000 0.023338686908728836
2050 0.025036278006351158
2100 0.039773789747214634
2150 0.033211477962268636
2200 0.021732563034712406
2250 0.02235593845237805
2300 0.022551159498053367
2350 0.021266544119747013
2400 0.023355542558513662
2450 0.020285529207255126
2500 0.02203450999133071
2550 0.022663004556531918
2600 0.025929941705117834
2650 0.022183143233141505
2700 0.02728652173478278
2750 0.020009077897655925
2800 0.02057810718739303
2850 0.024872148869073015
2900 0.02927026551873018
2950 0.020997204185449675
3000 0.030857709639933416
3050 0.01990624862350628
3100 0.019645553460222166
3150 0.02146099017802779
3200 0.058064200423230024
3250 0.02055019430205253
3300 0.018228750418842515
3350 0.07388878806271497
3400 0.019383289254006942
3450 0.023139082955730177
3500 0.027640948353940212
3550 0.0530315736499505
3600 0.018616315300212315
3650 0.022124619613469627
3700 0.018322317182608586
3750 0.01870039244219857
3800 0.01822781377082671
3850 0.028619557473764743
3900 0.020245589972018762
3950 0.01885122561690683
4000 0.02997367745897346
4050 0.017811161298201532
4100 0.020816702846121263
4150 0.02064734813427652
4200 0.01970244886711749
4250 0.01720442529220964
4300 0.10171071521142307
4350 0.017150751324246226
4400 0.01592948497851643
4450 0.03754660178519272
4500 0.017655296019142074
4550 0.020446372957665576
4600 0.018688311752544724
4650 0.016908455706350942
4700 0.019958594552389186
4750 0.04372657039127431
4800 0.020721807575049978
4850 0.017785037842978288
4900 0.023567523112176376
4950 0.015264691930467887
5000 0.01938770134501346
5050 0.015479368161915827
5100 0.015947975784135333
5150 0.016048228774978142
5200 0.015046423669142484
5250 0.015180547753986159
5300 0.015420093575942897
5350 0.014921279206571334
5400 0.014949255222123287
5450 0.014321929662441535
5500 0.015128559044689488
5550 0.014916681494715488
5600 0.014225701451111744
5650 0.014663613552941915
5700 0.014504614351202386
5750 0.01380326464262859
5800 0.013944999082381069
5850 0.014036864257404306
5900 0.020645617336595916
5950 0.013077476381710832
6000 0.014376554107915664
6050 0.026265009600977378
6100 0.015405641956665063
6150 0.013780489358394637
6200 0.01827671633848601
6250 0.01513562656058965
6300 0.01257535774387207
6350 0.0180415417160875
6400 0.06596757852768262
6450 0.013494874846918479
6500 0.01278334183773146
6550 0.014463031174031183
6600 0.01486185527800859
6650 0.014208577419894569
6700 0.015458416368664778
6750 0.012502682536288796
6800 0.015109245682404442
6850 0.013797407540026103
6900 0.013911496090648064
6950 0.015691620140887815
7000 0.016081287346652963
7050 0.013869071089314856
7100 0.013329235922664058
7150 0.028374870189767358
7200 0.01756904007017281
7250 0.015082920762180842
7300 0.014653361116779898
7350 0.02361710680753408
7400 0.0125121773086786
7450 0.019029259872405845
7500 0.017718097775014152
7550 0.012350824583989117
7600 0.011750659433719897
7650 0.012653489781873545
7700 0.011963082155513035
7750 0.0170640598744395
7800 0.01229406951786281
7850 0.014656620010175335
7900 0.012437204119930066
7950 0.018713812225768917
8000 0.011280301218315919
8050 0.017075014716512432
8100 0.011335583986881136
8150 0.014912209821702443
8200 0.01136352962637865
8250 0.01710540289183579
8300 0.011273044979411053
8350 0.016217320751551637
8400 0.011611509952998375
8450 0.015511349494909113
8500 0.017170994680516093
8550 0.012759362042134683
8600 0.011204419197751555
8650 0.011768658460730904
8700 0.01585308345129689
8750 0.010738460575976789
8800 0.027214662437668503
8850 0.011668633250506202
8900 0.012567422836136195
8950 0.01124995748237575
9000 0.01093657200204721
9050 0.01137207514470313
9100 0.011322110930738618
9150 0.015904892234010867
9200 0.011997241221436517
9250 0.02303960340247502
9300 0.010540300158507213
9350 0.010813376486226291
9400 0.012027263779458494
9450 0.012324419603784532
9500 0.010713201246922053
9550 0.03528149159517259
9600 0.010616850764526784
9650 0.03731774079504113
9700 0.011825694326963815
9750 0.0100789982490974
9800 0.013578742046802162
9850 0.0181225850696682
9900 0.010668423521245892
9950 0.01208224161420093
10000 0.011494610572587532
10050 0.010214041360066367
10100 0.009634114796652053
10150 0.009864490831913006
10200 0.010070878010855724
10250 0.009341132948463036
10300 0.00953175609995781
10350 0.010048684193573687
10400 0.009611530775539322
10450 0.00922612041826736
10500 0.00910517227066961
10550 0.009162686606505155
10600 0.00904940488297429
10650 0.009207479915053121
10700 0.009291267100440622
10750 0.009123941720580552
10800 0.00890063816470391
10850 0.009419315230627777
10900 0.009149248449208447
10950 0.008973046733757328
11000 0.0088933736074165
11050 0.008881234166501875
11100 0.010184340561571366
11150 0.008914590772997423
11200 0.00907356722136902
11250 0.009368365415330003
11300 0.017176735120017605
11350 0.009064440365539668
11400 0.009009119862613584
11450 0.010564623585449958
11500 0.009203792145150299
11550 0.008826180533918137
11600 0.009031350269900712
11650 0.01076397599307979
11700 0.008842660756327768
11750 0.010936085565414535
11800 0.009333224596433955
11850 0.008935595609054953
11900 0.009379070235161277
11950 0.012337143158569071
12000 0.009324912033100215
12050 0.00846780977103258
12100 0.008900126548393077
12150 0.008867614832849082
12200 0.008662272476025456
12250 0.010241451085953064
12300 0.009202034049629994
12350 0.02924983635052001
12400 0.008541870540515957
12450 0.008113626651795332
12500 0.014252070612393688
12550 0.0091826753461695
12600 0.013093942557870733
12650 0.008600523667453754
12700 0.012829354823822855
12750 0.008117726580533623
12800 0.008605436564206193
12850 0.02045517867599006
12900 0.008078743698672288
12950 0.021792555129749813
13000 0.008564973739486044
13050 0.008417649238558849
13100 0.008903052696055225
13150 0.008611557269857633
13200 0.00891996437029287
13250 0.008485546773024488
13300 0.00816043448957721
13350 0.011965951144277929
13400 0.008671739902695968
13450 0.007974278240757493
13500 0.00825886217487845
13550 0.008070767751026905
13600 0.008169748542601801
13650 0.009168120700086956
13700 0.009327065627749948
13750 0.010171208121753835
13800 0.008044011472246714
13850 0.007757145373421198
13900 0.008605404510882571
13950 0.008181616108792224
14000 0.007702385147936819
14050 0.009931308875612504
14100 0.007887504394470893
14150 0.020645540997143674
14200 0.008144692672188087
14250 0.011713430758346553
14300 0.016134792186328885
14350 0.009858612719646052
14400 0.008016863300172889
14450 0.007484956844837697
14500 0.008983441213023117
14550 0.01085315525328047
14600 0.008069089995319622
14650 0.010728131211979245
14700 0.007393369962891446
14750 0.011843989621438173
14800 0.00787397003482016
14850 0.008139051995033812
14900 0.008691811387591225
14950 0.008583393539782177
15000 0.008274332416967607
15050 0.0075463055509748566
15100 0.007853553037331006
15150 0.013624862700836678
15200 0.013253204187908438
15250 0.007460298607189012
15300 0.009362987257121947
15350 0.007563436994857179
15400 0.007871122223452036
15450 0.008658487832575836
15500 0.009648096743996727
15550 0.008295845945910438
15600 0.007823417367841246
15650 0.009114520781749133
15700 0.0126685417334051
15750 0.00800806094655308
15800 0.007771344034715694
15850 0.007261104996569033
15900 0.010864371747034432
15950 0.015546589182233948
16000 0.0071675396939047615
16050 0.03373749903046487
16100 0.007926259775265397
16150 0.007542581672051577
16200 0.008857651639750466
16250 0.0074964249635461055
16300 0.007853858252028133
16350 0.02395626908260346
16400 0.007209248382352308
16450 0.007218812739858455
16500 0.010133188757979736
16550 0.015370582111699154
16600 0.007914130859647175
16650 0.009321871771470747
16700 0.007872686178811854
16750 0.009535061415380394
16800 0.0077591065366914985
16850 0.010343813005896828
16900 0.008543160281461865
16950 0.0077167182606973994
17000 0.010484500678564363
17050 0.007929052263535291
17100 0.00738116656277287
17150 0.012550465275325776
17200 0.007605230032927414
17250 0.0070827026239323465
17300 0.008603754445368976
17350 0.008633780631049233
17400 0.009278475319921762
17450 0.0074833779772763166
17500 0.007913521010144356
17550 0.014460534621410602
17600 0.0086669527530667
17650 0.007756935530153826
17700 0.011192931101547739
17750 0.0077113681470285045
17800 0.007060506583829919
17850 0.007629972241327407
17900 0.0073579212414396425
17950 0.008110104842206605
18000 0.0073334349973664305
18050 0.0074045910013364824
18100 0.007027144128308206
18150 0.017595207398677405
18200 0.007075851601153815
18250 0.010703324917636224
18300 0.007802804690869142
18350 0.007434132301663923
18400 0.008904117806966608
18450 0.009111850999469484
18500 0.007720269825692329
18550 0.007372512063366558
18600 0.00753242617714958
18650 0.009099004448396819
18700 0.008161028013193156
18750 0.012083743471016655
18800 0.0072623870049869895
18850 0.008058325694471633
18900 0.008350353920699712
18950 0.010608929633357717
19000 0.0075221459105133835
19050 0.017169508754634636
19100 0.006959387530210847
19150 0.007590401858427998
19200 0.008272308805025249
19250 0.007155044741337705
19300 0.007507523960223154
19350 0.00805504922479418
19400 0.007659865336955971
19450 0.007423978793424085
19500 0.008571850865326582
19550 0.00882647736894664
19600 0.018975259459995907
19650 0.00678636073416194
19700 0.007009838013569466
19750 0.009350752374520165
19800 0.007556467781516517
19850 0.00728698265376861
19900 0.01925851834020173
19950 0.007073119112860076
20000 0.008089746119089792
20050 0.006560923409835695
20100 0.007289461965353296
20150 0.006634866061514597
20200 0.006829302367642656
20250 0.006986437492596518
20300 0.006926009492810564
20350 0.0071078157949288606
20400 0.0069154786672852905
20450 0.00703571081986356
20500 0.0070875845225762575
20550 0.006892526063429664
20600 0.006882375397501259
20650 0.006501523341405153
20700 0.006922078758833872
20750 0.006870294289179324
20800 0.00686015903976947
20850 0.006612207887412738
20900 0.006654756530282082
20950 0.006638940850169236
21000 0.006493381749487157
21050 0.006682444577086269
21100 0.00637982896711762
21150 0.007207981324814726
21200 0.009321734391359925
21250 0.0066135523997603125
21300 0.006851045797643234
21350 0.006719937423683298
21400 0.007091979328243254
21450 0.007091569354667557
21500 0.0069992217824592605
21550 0.006690914872271285
21600 0.006600215970220059
21650 0.006841448842971475
21700 0.0068985932852550814
21750 0.006526132928439555
21800 0.006895639880618122
21850 0.0063604625843454304
21900 0.007705242978844483
21950 0.006492984089502563
22000 0.006160094494085901
22050 0.0066045664989389085
22100 0.009136213581108964
22150 0.007924953958793331
22200 0.006423162440047388
22250 0.006731486340698298
22300 0.010631814796067814
22350 0.006403123278953004
22400 0.006533670316872658
22450 0.006533228450043464
22500 0.006889282655279389
22550 0.006863061929096705
22600 0.0067323353644869535
22650 0.00672877907173863
22700 0.006394212920547819
22750 0.014565398779390549
22800 0.006502223304649341
22850 0.006839223820030887
22900 0.006505021019338828
22950 0.006379330998516353
23000 0.006503668181512305
23050 0.009399697455327876
23100 0.006677803474272537
23150 0.00868604806166848
23200 0.006923058876838493
23250 0.006174133135382017
23300 0.006962104887181219
23350 0.007899157238167278
23400 0.007693473738226528
23450 0.006455842772074173
23500 0.007885172541813831
23550 0.006425175171940257
23600 0.006363868542323032
23650 0.008381571276355103
23700 0.0063406354535638105
23750 0.006273872324928579
23800 0.0131784369340774
23850 0.006284131805707473
23900 0.006718729097231528
23950 0.007353212606064068
24000 0.006187864670031165
24050 0.006654316078611535
24100 0.006324630830576812
24150 0.006228639939049901
24200 0.006142665715590469
24250 0.01246307957011387
24300 0.0060799053995641995
24350 0.006298956689469315
24400 0.006199792673515293
24450 0.007215349707777977
24500 0.013887786838519215
24550 0.00641232745301218
24600 0.006173965023332942
24650 0.006347944688984615
24700 0.0063794923155137085
24750 0.006645454065928627
24800 0.006716631645191043
24850 0.006339655226042232
24900 0.005838386538203641
24950 0.007700124010170315
25000 0.006783459887721591
25050 0.009479948380971525
25100 0.006149946581685646
25150 0.007187806224336464
25200 0.009857251091694393
25250 0.006122625220607631
25300 0.006527482423926716
25350 0.006319313088072239
25400 0.00603708962638551
25450 0.0059845083194925335
25500 0.006116826869267963
25550 0.006542402406796195
25600 0.006154543204288603
25650 0.008011505348938028
25700 0.006450895438471295
25750 0.006045207533817856
25800 0.00825550474382551
25850 0.006643786983481959
25900 0.006755585477721212
25950 0.00646798751618859
26000 0.009657691138797032
26050 0.006101226433283016
26100 0.0061404408917136956
26150 0.00610224599728835
26200 0.0074949790059728565
26250 0.005983459967799993
26300 0.015819607837198896
26350 0.0059549631511778296
26400 0.006158391443889207
26450 0.01088800159634773
26500 0.006553591649636338
26550 0.006703231429603501
26600 0.005834157723270504
26650 0.010940216888825816
26700 0.005959301075958718
26750 0.0073824995289760555
26800 0.005869320519336636
26850 0.010906268227731544
26900 0.0060256147453027365
26950 0.006196567278471494
27000 0.00838600480600351
27050 0.006115325016950669
27100 0.005637405077231565
27150 0.0066729711262231975
27200 0.006198193931029452
27250 0.007097808375854439
27300 0.006003420396993449
27350 0.0058156064138150795
27400 0.0060853136012904195
27450 0.012725713389790023
27500 0.006052036496500139
27550 0.006032840363304074
27600 0.006320978680443157
27650 0.006428447337946599
27700 0.005808236766409804
27750 0.007255722141336215
27800 0.005591295206657012
27850 0.005949652376416343
27900 0.007652607000906076
27950 0.005957533139695157
28000 0.006964265685721068
28050 0.006384410835802333
28100 0.005700053595511294
28150 0.018586535613443728
28200 0.005743250952652924
28250 0.0057781344144627305
28300 0.005713757505928722
28350 0.012122596504358606
28400 0.00629173382087386
28450 0.005755595015092505
28500 0.006359199901908285
28550 0.00624732549184334
28600 0.005844443279882853
28650 0.006002774340111233
28700 0.00588588035584415
28750 0.00817669600125393
28800 0.006169857315311963
28850 0.006282052739562479
28900 0.006205323508116894
28950 0.0058858326944418796
29000 0.005768753715553847
29050 0.005816292918319119
29100 0.005577609348651081
29150 0.005958448049237655
29200 0.0056806347558318185
29250 0.006364740437572217
29300 0.005822433438681998
29350 0.005949024102745507
29400 0.005976232050236504
29450 0.005820087582092781
29500 0.0055635240212884764
29550 0.006042716735373524
29600 0.011738950138358024
29650 0.005994701494604001
29700 0.005717845665920283
29750 0.008939494907703398
29800 0.006013707316595254
29850 0.005602491093198189
29900 0.005808858231572172
29950 0.0054845214693672656
30000 0.01486133484982559
30050 0.006205524599825578
30100 0.0060646733404469055
30150 0.005671773866524792
30200 0.005567742691331207
30250 0.005927647948459822
30300 0.006703829056223154
30350 0.00810453086651624
30400 0.0062676036571059305
30450 0.008004033838098537
30500 0.005786011607306102
30550 0.0058355467886545866
30600 0.005858837363231361
30650 0.005891118478253194
30700 0.00537787811124717
30750 0.006048278495175458
30800 0.006455592477692856
30850 0.005657627670280714
30900 0.005916565908978236
30950 0.017922604986310334
31000 0.005684758821501653
31050 0.005372307833661957
31100 0.007208390737220299
31150 0.006520343219769133
31200 0.0062146006488718875
31250 0.006112025846964639
31300 0.005428128519141031
31350 0.005743945998823317
31400 0.006024043033214317
31450 0.007578847172535098
31500 0.0056224166266078575
31550 0.010437030504652296
31600 0.005890887853895418
31650 0.00687199618376416
31700 0.005419247890041945
31750 0.02081451165232466
31800 0.005578577486136066
31850 0.0056332913333728895
31900 0.005721688374041925
31950 0.00673502519784127
32000 0.005902450510313919
32050 0.0061495789858490735
32100 0.006719851133839727
32150 0.00596079838949979
32200 0.006011675585318914
32250 0.00538958916208998
32300 0.005555924933180386
32350 0.006081798061392833
32400 0.012083910569336054
32450 0.0059672199863995325
32500 0.005437103462945324
32550 0.008889757140138435
32600 0.005852903647410771
32650 0.006165895478617022
32700 0.005738238570592684
32750 0.006220210954927554
32800 0.005545987829630454
32850 0.006032641205325385
32900 0.005932132714651913
32950 0.00922430410230022
33000 0.006019962311664934
33050 0.0061452876360394825
33100 0.005978116320571441
33150 0.006723321075766509
33200 0.006801711965028712
33250 0.005911286160555938
33300 0.00579022087470465
33350 0.005910884793367862
33400 0.007370771554032897
33450 0.008549711715572662
33500 0.005731282632483354
33550 0.01134029032160316
33600 0.005442787028473483
33650 0.005960684365416889
33700 0.005364971998122957
33750 0.005493662101215649
33800 0.005416045000188095
33850 0.005741358403078117
33900 0.007335800651170787
33950 0.010314235820938728
34000 0.00543629602280708
34050 0.005725192558648212
34100 0.005903595686105019
34150 0.005634598435633827
34200 0.005226425958686978
34250 0.005195999931584594
34300 0.006267616936651975
34350 0.005312692762589569
34400 0.0077467939582093245
34450 0.006784877926278992
34500 0.0053838450484995064
34550 0.006119523543575609
34600 0.00891304134753744
34650 0.0054365253093252444
34700 0.005683040440560859
34750 0.006863968271618848
34800 0.005423914191368756
34850 0.015040349017212809
34900 0.005517101801813722
34950 0.0056840754237359545
35000 0.008093939329562882
35050 0.005315945017832629
35100 0.005268460500038871
35150 0.005216409330337743
35200 0.005947430125821543
35250 0.005736084639410803
35300 0.0053537432643023354
35350 0.005140437571944626
35400 0.005417681196141374
35450 0.005396139054246035
35500 0.005193971769548341
35550 0.005273329727614747
35600 0.005290061355223585
35650 0.005342704340801432
35700 0.005491189791628095
35750 0.005360015174281701
35800 0.005736320786741986
35850 0.005205109040041629
35900 0.005422114739105419
35950 0.005098830168563004
36000 0.005226869385827614
36050 0.005086434665085588
36100 0.0051902068017551355
36150 0.005325497654927042
36200 0.005416816839474062
36250 0.005217124894880156
36300 0.005378917216168561
36350 0.004969993344587446
36400 0.005770440866927207
36450 0.005372457504496657
36500 0.005348250116358344
36550 0.006043265514590324
36600 0.0051821205006107535
36650 0.005472499567284602
36700 0.005496270843545944
36750 0.00614615048618221
36800 0.005337946756492727
36850 0.006429280669588245
36900 0.005516314420482008
36950 0.005376303567248751
37000 0.005303367587145781
37050 0.0050882934342468275
37100 0.005473969218489339
37150 0.00587698448520631
37200 0.005871882540258275
37250 0.007406360816068202
37300 0.005251359381536639
37350 0.005430531419570015
37400 0.005324332156423025
37450 0.005203362439750199
37500 0.0055908796704632405
37550 0.005339151959596837
37600 0.005304010325525887
37650 0.005260412796952409
37700 0.006407702529905999
37750 0.0051663712297099346
37800 0.0057073939572033555
37850 0.005425189346930724
37900 0.005719005088916968
37950 0.00512867114670215
38000 0.007000620998980887
38050 0.005022324411882302
38100 0.004970389848007997
38150 0.0051750258949569946
38200 0.005177607523150618
38250 0.005095941078862407
38300 0.004963783393086104
38350 0.005291258955763772
38400 0.005045819165706716
38450 0.005658333028558949
38500 0.006094891349586882
38550 0.005128414478665054
38600 0.005988433269854292
38650 0.005281439687326706
38700 0.005036683601223884
38750 0.006410191903752998
38800 0.00617411661392557
38850 0.00542648718178025
38900 0.004819895371809633
38950 0.0052600676929775055
39000 0.005199914166608431
39050 0.005829674592225742
39100 0.005444926487153009
39150 0.005081686117009392
39200 0.006234209441063125
39250 0.0058834679886519995
39300 0.004974326348720707
39350 0.005667397132538619
39400 0.005150957662063612
39450 0.00491178842283001
39500 0.005250278760937932
39550 0.004781834603684125
39600 0.004956813841705657
39650 0.005333705842577173
39700 0.005123574142603373
39750 0.005095407996269923
39800 0.00575203305845624
39850 0.004834125863464427
39900 0.004993772172988625
39950 0.008691859210561693
40000 0.004780600874981551
40050 0.00497067220390394
40100 0.0067664143382254235
40150 0.005177125936179827
40200 0.005535577028544655
40250 0.004981511708587622
40300 0.00535202807247889
40350 0.004826800765118283
40400 0.005071780193383506
40450 0.005044658717723755
40500 0.005302450122706902
40550 0.006546588503019021
40600 0.005132312304242877
40650 0.0048441996588394105
40700 0.0054069396982747335
40750 0.004898533888445469
40800 0.005502782662058682
40850 0.004915527407883094
40900 0.006008918257761613
40950 0.005249664916935919
41000 0.008475329572898158
41050 0.005060626098803155
41100 0.005338354198163354
41150 0.004935277177118057
41200 0.005137437058364402
41250 0.005091208965313671
41300 0.005771871281015541
41350 0.0048137762996027155
41400 0.005222813000001524
41450 0.004873752079516023
41500 0.00719660225154713
41550 0.004732680854191208
41600 0.005441820029892278
41650 0.004944138581967842
41700 0.0047372461236915644
41750 0.005195866125352935
41800 0.005243417606263925
41850 0.004956520825984822
41900 0.00481158111400841
41950 0.0051488742013606524
42000 0.005377831724097338
42050 0.004883695244463356
42100 0.006048806398444334
42150 0.005099780539949357
42200 0.005610386655459595
42250 0.005991579192300518
42300 0.005436084425672394
42350 0.005603847655308024
42400 0.004880658105576804
42450 0.007364188253473102
42500 0.005072574997220849
42550 0.0047932579034075645
42600 0.006521464025889421
42650 0.005162293263571297
42700 0.005010880593876624
42750 0.005656745862830758
42800 0.0048280204450109835
42850 0.004892772923747964
42900 0.005912601780075657
42950 0.005121788680819074
43000 0.004797371486481275
43050 0.004868440419147429
43100 0.005263737728662332
43150 0.0052448599291206625
43200 0.004674667082765499
43250 0.005086660310156157
43300 0.005044154815600607
43350 0.0046417133671272145
43400 0.004667937154718742
43450 0.004823742520318367
43500 0.0059283843953148825
43550 0.004792488050054519
43600 0.004629485440820014
43650 0.004795016442965414
43700 0.0049978232162109625
43750 0.005308501739992979
43800 0.005159216073744227
43850 0.005040678674252961
43900 0.004860555728615943
43950 0.0048364242951514595
44000 0.005389013359701823
44050 0.005731596557826721
44100 0.0050524503588490885
44150 0.006407494094584994
44200 0.00489777673947909
44250 0.005776071592501757
44300 0.005233346629725288
44350 0.005530257345483834
44400 0.0050772134084894425
44450 0.00468796356669912
44500 0.008059584541878485
44550 0.004797774628489204
44600 0.006062652623072841
44650 0.004829891152883825
44700 0.004630267441427614
44750 0.005238855883567292
44800 0.005620149813644625
44850 0.005338674845489375
44900 0.0049178038283503684
44950 0.00536382675863914
45000 0.005055780253554698
45050 0.004725632023167394
45100 0.004580070723359241
45150 0.004794968083363694
45200 0.005161562138515193
45250 0.004861089348896881
45300 0.0082781545609941
45350 0.004677094708167788
45400 0.004832630173641198
45450 0.005562675412113485
45500 0.004859623648542845
45550 0.004850538441294616
45600 0.005431142731472602
45650 0.0048131757908527785
45700 0.004805696891983983
45750 0.0054605244089395094
45800 0.0046786669410574305
45850 0.005496928626030199
45900 0.004841352554536281
45950 0.005240205717496378
46000 0.005153340427191155
46050 0.004941768294963339
46100 0.004604220496546554
46150 0.005088722600271249
46200 0.00461732627353668
46250 0.00531497071887117
46300 0.005772725394244118
46350 0.004971774778864937
46400 0.004658160232423598
46450 0.005437161558351198
46500 0.005394074083292085
46550 0.004847499181665587
46600 0.0052628532041977556
46650 0.00611108832873601
46700 0.004973452054945243
46750 0.0046127497999188015
46800 0.004771677364814816
46850 0.004652052762070455
46900 0.004366660790530866
46950 0.004669729193397736
47000 0.004997102422804087
47050 0.005627779386489369
47100 0.00472807788170576
47150 0.005979207475928147
47200 0.004668760956965039
47250 0.004597132537060523
47300 0.00479444669244407
47350 0.004865144451571399
47400 0.004754682455097371
47450 0.004675511989702857
47500 0.0070740615471670916
47550 0.0047459760453703904
47600 0.005344780011157846
47650 0.004799017972330604
47700 0.004849388518426353
47750 0.004843373589414173
47800 0.0047297437176042735
47850 0.004928501325731219
47900 0.004833863140270852
47950 0.0049568519539233925
48000 0.0049074812970117815
48050 0.004572604830680482
48100 0.004839298865359876
48150 0.004788470268234284
48200 0.004797966557239436
48250 0.004823687943006177
48300 0.004690818133911482
48350 0.004631618554497641
48400 0.004625206878183513
48450 0.004648838016088631
48500 0.004560955600631519
48550 0.004623583981482153
48600 0.004738764620241203
48650 0.004725146994949504
48700 0.004583470184259149
48750 0.004580575272468402
48800 0.004905153911528966
48850 0.0048257894973890575
48900 0.004455076080212823
48950 0.004525484970311266
49000 0.004564313101094991
49050 0.0045328040835736555
49100 0.004856309912134871
49150 0.0044956781687645105
49200 0.004589639244167482
49250 0.004593663990578466
49300 0.004458590034685046
49350 0.004698993389228771
49400 0.005335424728832132
49450 0.004352678280472302
49500 0.004901166043363023
49550 0.0048039893763716845
49600 0.004612174057234013
49650 0.004705769657360076
49700 0.004527513286006982
49750 0.004633894767747468
49800 0.004567563151620558
49850 0.004720597768991701
49900 0.004432546592379879
49950 0.004496751233066861
50000 0.004665821256548756
