50 0.139278200869618
100 0.10783465907153882
150 0.09601987804658918
200 0.0873784059761204
250 0.07168148635264424
300 0.06710175430290279
350 0.055810121192069705
400 0.06478589520827562
450 0.055479428135673144
500 0.03978734164591706
550 0.0367268634735622
600 0.03067955705432345
650 0.0357762902422287
700 0.046174501318691254
750 0.030396768799368014
800 0.02607941191912508
850 0.02516374296127037
900 0.05123097754502187
950 0.023995056265651713
1000 0.027243650310323043
1050 0.02181915411951947
1100 0.04621689637764344
1150 0.022476597362429487
1200 0.02324360892137122
1250 0.03012289260142368
1300 0.020847241297141078
1350 0.020311082802154486
1400 0.025013695129807532
1450 0.021611369804992016
1500 0.021073870433545933
1550 0.019404345679546797
1600 0.023236389544199983
1650 0.02169507638216477
1700 0.02052714814326062
1750 0.01989273558896992
1800 0.020803789916193912
1850 0.024991571997251435
1900 0.0194151554456674
1950 0.03420015681890798
2000 0.019037710853300294
2050 0.04390201196203138
2100 0.03723226943124436
2150 0.030213362227041945
2200 0.018257518917786
2250 0.017504097476782644
2300 0.019377418115534308
2350 0.017616193427736713
2400 0.017614952323254243
2450 0.021195737868378983
2500 0.053200683646384965
2550 0.016659345448661433
2600 0.020592444210292254
2650 0.01814352059635954
2700 0.020710092071785095
2750 0.03351730206854204
2800 0.01747164668184505
2850 0.037141641513603066
2900 0.02186142499546911
2950 0.02152406619693591
3000 0.01864740692755158
3050 0.022639248625082445
3100 0.02776762294000757
3150 0.02593508439227767
3200 0.019097725886494287
3250 0.019180427531474607
3300 0.016542090888743567
3350 0.01639405452621676
3400 0.052343156323795485
3450 0.017343419638631525
3500 0.030159847085930058
3550 0.01796240242211871
3600 0.017810672802240225
3650 0.016356529421751562
3700 0.015881876040694125
3750 0.019192268000809764
3800 0.029126709435032424
3850 0.017013165596428233
3900 0.018415144807445778
3950 0.030122443833534823
4000 0.01739810244831732
4050 0.01960687738765139
4100 0.015161465607651716
4150 0.01902419873873637
4200 0.015347787300216052
4250 0.03876062020659351
4300 0.01675386780749005
4350 0.015471446188986339
4400 0.022917913433428576
4450 0.02245663568770655
4500 0.04470466628118286
4550 0.015922869957371872
4600 0.03607305099770638
4650 0.015549549695771728
4700 0.0199068510486768
4750 0.07080763812754962
4800 0.015071115224390811
4850 0.018622327592424704
4900 0.018161176151336993
4950 0.04414802346513017
5000 0.01637795060557848
5050 0.015201459278877763
5100 0.014145292789276367
5150 0.015075026552958259
5200 0.014753470898254373
5250 0.015517122289837652
5300 0.014535534668635027
5350 0.01441449720638405
5400 0.014059574945632296
5450 0.012951202085200305
5500 0.013477847470778613
5550 0.013631016712302659
5600 0.01343263389444935
5650 0.01355898351700598
5700 0.013237752109916616
5750 0.012351529416164363
5800 0.012389364779180938
5850 0.012828988441335516
5900 0.013464456541847867
5950 0.014246447633326817
6000 0.01629228070056939
6050 0.012821850734189236
6100 0.013164508483060815
6150 0.014689434952612964
6200 0.012540871257407722
6250 0.012882468526147417
6300 0.023469805142478452
6350 0.013539919235524842
6400 0.02625816206172792
6450 0.012321148267790466
6500 0.01307899122643817
6550 0.012745431425408115
6600 0.01986436831687148
6650 0.012065459492905025
6700 0.012536685776902754
6750 0.028624433292409407
6800 0.013043131154965922
6850 0.024289516448498447
6900 0.0233845200701923
6950 0.01414215590353413
7000 0.011962874250087201
7050 0.011647359488543427
7100 0.011215047459284071
7150 0.011802448703630206
7200 0.03726545563087421
7250 0.011762493025184182
7300 0.011336847912070708
7350 0.011838161518459026
7400 0.012563171773256726
7450 0.011720119026766448
7500 0.030525587828907286
7550 0.011495503683434235
7600 0.011217164985330234
7650 0.017742771631124143
7700 0.012311224529973097
7750 0.012744334052831952
7800 0.012448288059534908
7850 0.021111984717471173
7900 0.010414515799681846
7950 0.022046102216891354
8000 0.013577224941318425
8050 0.022589781476024452
8100 0.013459700870353596
8150 0.01227655298510245
8200 0.01712231508662769
8250 0.015747562522552515
8300 0.016515191717492335
8350 0.011992861685277252
8400 0.024699119880604383
8450 0.011232200488835687
8500 0.011421628299125556
8550 0.01242160396357981
8600 0.010573502551715122
8650 0.029968601894595267
8700 0.010426524297250389
8750 0.015636061343231856
8800 0.010321043699798053
8850 0.013694962863509245
8900 0.014167280751865685
8950 0.010655030222444371
9000 0.018342188047508815
9050 0.010678672183573929
9100 0.010166233922174178
9150 0.010871151328800954
9200 0.018980470501315946
9250 0.011105180174016568
9300 0.010961244856056523
9350 0.010295038643672089
9400 0.012103128946912484
9450 0.010228845682772957
9500 0.017659886916744066
9550 0.010678126582695945
9600 0.02390615737714673
9650 0.027334252486716108
9700 0.011346518083022498
9750 0.016521617800695842
9800 0.03104726279621154
9850 0.010456771476253181
9900 0.013538226497460408
9950 0.009985148335185127
10000 0.027916892310785937
10050 0.009634931250295355
10100 0.009910668362981156
10150 0.009354995047286934
10200 0.009480426340758288
10250 0.009693170104964781
10300 0.009285745997222766
10350 0.00981652696139823
10400 0.009561551451670133
10450 0.009595611395131095
10500 0.009755114807734049
10550 0.009835157167970536
10600 0.009984344398064109
10650 0.009379556040440312
10700 0.009726379232796954
10750 0.009193811177943954
10800 0.00920058010042625
10850 0.009523417866490518
10900 0.009400667705441028
10950 0.009558347053339439
11000 0.009243231354013394
11050 0.009167981691053559
11100 0.009710986305920294
11150 0.015896241444482
11200 0.009359725440523183
11250 0.009928315492742187
11300 0.009885785973403604
11350 0.016343891458171122
11400 0.009688702024015998
11450 0.008704524215091767
11500 0.009985983227167986
11550 0.008866763579273216
11600 0.008466895088344596
11650 0.009551315559640255
11700 0.010582803714555965
11750 0.009545864720567565
11800 0.008735426114959857
11850 0.008458670308987722
11900 0.009111006490875243
11950 0.009372737160482376
12000 0.01309504361296017
12050 0.008475759241602836
12100 0.010768523997102241
12150 0.010393172233214502
12200 0.010147029739471815
12250 0.008751467545079567
12300 0.007970230731035506
12350 0.01018115830474137
12400 0.008740126894451614
12450 0.009440981250043877
12500 0.0088890398534886
12550 0.00888566368594719
12600 0.008045230552519315
12650 0.008940436373554144
12700 0.009374096735733617
12750 0.011246429585525191
12800 0.008478611753421062
12850 0.009546586939108303
12900 0.008707944942486355
12950 0.022109345887258068
13000 0.00834137095468245
13050 0.008614633079596949
13100 0.0091492468610847
13150 0.007924948922757477
13200 0.010424868979653685
13250 0.010562750583774252
13300 0.008094921997333368
13350 0.026342878003834874
13400 0.007868598117038035
13450 0.008421121525683573
13500 0.01767466769195676
13550 0.008922288631436563
13600 0.008464734684461862
13650 0.008362331020477683
13700 0.013732233856664807
13750 0.008189902464099072
13800 0.007942279387633065
13850 0.01070997911993198
13900 0.008514602036204843
13950 0.009135917766717157
14000 0.009910124064425601
14050 0.007885780189462873
14100 0.008538513327089154
14150 0.009186964601926159
14200 0.008707395164091034
14250 0.007722536469068273
14300 0.007797242892452726
14350 0.008392757390990322
14400 0.010372604389318725
14450 0.00867697121970604
14500 0.009467713244763611
14550 0.008398625459479423
14600 0.007998544296889181
14650 0.011769649921921378
14700 0.009169361970789339
14750 0.020112513434761906
14800 0.008676055822514744
14850 0.010975744068914649
14900 0.007640368444878608
14950 0.007926142889690714
15000 0.007963914946184078
15050 0.007649033837034616
15100 0.007325486000940645
15150 0.007879390823042695
15200 0.01028203773020306
15250 0.010778410107009435
15300 0.007196298088564689
15350 0.007895891632530804
15400 0.00906755928895922
15450 0.00858086879717686
15500 0.007721895632668099
15550 0.00815590342158257
15600 0.0074313953237801385
15650 0.00812190685612107
15700 0.009378333657235196
15750 0.007308011353580061
15800 0.007655414894828448
15850 0.007598750512085091
15900 0.00865215697060697
15950 0.008105228479562502
16000 0.007726493639632115
16050 0.007343615394030839
16100 0.008274142224840202
16150 0.013189068694386389
16200 0.007944511309322538
16250 0.007603379620674026
16300 0.009594625470713396
16350 0.0072545321701032485
16400 0.011713852407602638
16450 0.013348290357434463
16500 0.009103049195885799
16550 0.008669880431491828
16600 0.007556090339658134
16650 0.007740367879435821
16700 0.012947589144933677
16750 0.0090627187702769
16800 0.011777420504015201
16850 0.009850134709303281
16900 0.007146367994929858
16950 0.01590954065604935
17000 0.007000066995964721
17050 0.00710710304542488
17100 0.022145494408009395
17150 0.007423789143516116
17200 0.007826559461107597
17250 0.00777761375042645
17300 0.012111364489963689
17350 0.008181143059523619
17400 0.024025439833942595
17450 0.007819582356032992
17500 0.008724260159606449
17550 0.008427449816144583
17600 0.008198088738604082
17650 0.010626300117016433
17700 0.007558322999372555
17750 0.013325097328289176
17800 0.008944457862585168
17850 0.00713901017016509
17900 0.008483388635898046
17950 0.0078081602394271124
18000 0.007499543783606607
18050 0.006890380272062606
18100 0.007613375111175625
18150 0.007034746167226585
18200 0.00714851142310399
18250 0.007485409006992606
18300 0.00713310869562188
18350 0.015064626184335546
18400 0.007783372979678071
18450 0.0065821836804323295
18500 0.007772911340273195
18550 0.007359565742710701
18600 0.01265609544338057
18650 0.007717200727030752
18700 0.006991293649001247
18750 0.007103226029876904
18800 0.04259659238027532
18850 0.006605063263946859
18900 0.007221007701696634
18950 0.006913857865734283
19000 0.007160500872797126
19050 0.007252664551095832
19100 0.007004298662784786
19150 0.007028670951453531
19200 0.010045287821063389
19250 0.010339291434789155
19300 0.007187017684976086
19350 0.006793515032368089
19400 0.007106326497200543
19450 0.010978227323398579
19500 0.0070888066469994414
19550 0.007959629113912426
19600 0.0070989013656484
19650 0.008144725007938444
19700 0.006956321803542132
19750 0.010274563990285725
19800 0.00697875793462815
19850 0.014989279536492246
19900 0.007106201716847312
19950 0.006533277623179324
20000 0.00815493605024786
20050 0.006771300587580642
20100 0.006735879377579002
20150 0.006929795542091671
20200 0.007190718193663726
20250 0.007432785799237753
20300 0.006438225388026745
20350 0.00678728341526772
20400 0.0065327054710282864
20450 0.006917903318846416
20500 0.006909462238329646
20550 0.0064746434129532866
20600 0.006577892716231349
20650 0.0065983398180064394
20700 0.006747035349437422
20750 0.006850475027213063
20800 0.006805397130232952
20850 0.006501630988857699
20900 0.00645056496792457
20950 0.006607927324035229
21000 0.006763158682309329
21050 0.00685574997678763
21100 0.0063821189114766615
21150 0.006295737343642313
21200 0.00646007367405428
21250 0.007582642468141049
21300 0.006674589474821089
21350 0.006401405868721413
21400 0.006538464189401916
21450 0.007009978880474186
21500 0.0069097696831320774
21550 0.006848416936305376
21600 0.008379038959086404
21650 0.006640288298208383
21700 0.006259797130426038
21750 0.006286484940904599
21800 0.007120826990627052
21850 0.0067841465926828165
21900 0.006475531183528727
21950 0.007198615622139394
22000 0.006420820983992665
22050 0.0073351683838748
22100 0.0062604695518130036
22150 0.006165680140169718
22200 0.006596767196667758
22250 0.007016019285239357
22300 0.006192112435729353
22350 0.01551726955904748
22400 0.006611077918594646
22450 0.006777751778873821
22500 0.007455099515534979
22550 0.006893499901258552
22600 0.007971921176175328
22650 0.008502290853543037
22700 0.0062111042355967525
22750 0.006206643517414746
22800 0.006327125913065055
22850 0.0065137090736902365
22900 0.005770999337690774
22950 0.006432425322049341
23000 0.010536463074355176
23050 0.006207044450536051
23100 0.006825210579974828
23150 0.006104696297073741
23200 0.006027797207503305
23250 0.006483730977893872
23300 0.0062392917990094525
23350 0.006200470950867446
23400 0.0064178145134218215
23450 0.006051360328374277
23500 0.006717712864173685
23550 0.007404908549081176
23600 0.006145328881132997
23650 0.0063065007359943
23700 0.006460597196814287
23750 0.009167362078738282
23800 0.009488054118809283
23850 0.006297513877934985
23900 0.008196780059667981
23950 0.005969913224796817
24000 0.008541798316244702
24050 0.006091038485965011
24100 0.007129206271310298
24150 0.007010372560069765
24200 0.00778777249896064
24250 0.014732066412169332
24300 0.005707139228101725
24350 0.007397486798743622
24400 0.0059897979563266
24450 0.005973711030346382
24500 0.006405443083293427
24550 0.011198867025364684
24600 0.0059862012963644105
24650 0.005835679840467367
24700 0.005865075733844717
24750 0.006763388718995986
24800 0.006361764510325968
24850 0.005953804065261668
24900 0.008119728540558098
24950 0.006284232019724807
25000 0.007266247103601618
25050 0.006394813153153722
25100 0.006069483967877331
25150 0.006187792368855035
25200 0.00697225427179035
25250 0.008623143274920206
25300 0.006325586092390445
25350 0.006383818593426846
25400 0.005798391459589822
25450 0.006191246768233623
25500 0.005456987637687961
25550 0.006649926777460691
25600 0.006248419035425923
25650 0.005942072210593602
25700 0.007113864390996354
25750 0.006656838778221664
25800 0.008079963480438514
25850 0.005868656586531711
25900 0.00588235417073353
25950 0.0057879248730294255
26000 0.006020874978813791
26050 0.009009007057583427
26100 0.006379388315167869
26150 0.0059523024534447605
26200 0.006368008866878378
26250 0.005582327775082392
26300 0.009599266568177982
26350 0.005543415341364532
26400 0.005744918415621583
26450 0.008821512790425326
26500 0.007562107706036014
26550 0.005977537452903135
26600 0.006145577166163647
26650 0.005739774220625666
26700 0.005861665244631176
26750 0.005828663856402947
26800 0.005744222366985073
26850 0.006691707111742196
26900 0.006952412012024035
26950 0.005783704255110184
27000 0.006735964535292941
27050 0.005556169237336851
27100 0.007580318246516682
27150 0.007262115770260671
27200 0.007886185394912629
27250 0.0057293304618037475
27300 0.0059073968616476505
27350 0.006039068960300736
27400 0.005782992017157472
27450 0.005840387635393095
27500 0.005627818598178911
27550 0.007113168635267406
27600 0.005972057902670919
27650 0.007776921552585842
27700 0.005907233768550765
27750 0.006121880951935371
27800 0.0055832773462901695
27850 0.005779214042843672
27900 0.006691406317749679
27950 0.005624036017624121
28000 0.005602998463472216
28050 0.005598014840083419
28100 0.006078392568717557
28150 0.008201331546753789
28200 0.005680637152157621
28250 0.007009363453434782
28300 0.00622543289149958
28350 0.005374196121669716
28400 0.007275764541021905
28450 0.005597730655734988
28500 0.006311518868479584
28550 0.009013177944064936
28600 0.00661704998659807
28650 0.005430509084495667
28700 0.00559298895095579
28750 0.006124802932083151
28800 0.005591508811015449
28850 0.010858978741766645
28900 0.005644123565603313
28950 0.006083647798090635
29000 0.0056594295444371895
29050 0.006928800645661695
29100 0.006075318009690166
29150 0.008328157868722761
29200 0.0055649666467411235
29250 0.005508409831639988
29300 0.005754426003894726
29350 0.007053422618928402
29400 0.005675295514854451
29450 0.008038506742251521
29500 0.0056780146663275455
29550 0.005907703058852412
29600 0.005532978586934893
29650 0.00535946946419556
29700 0.005257638773318654
29750 0.005417628560418101
29800 0.005467035596142535
29850 0.005451583716067692
29900 0.005948155582411433
29950 0.007141169416273278
30000 0.0070578416679349144
30050 0.006000086911438212
30100 0.009972180235626696
30150 0.005394084715757009
30200 0.008235863648207255
30250 0.006544458420154394
30300 0.0076186830368290895
30350 0.005277370252399738
30400 0.0108527037285078
30450 0.005515967237558206
30500 0.00515775910532194
30550 0.007202091260848866
30600 0.005901884037476874
30650 0.010884292055617991
30700 0.0055797646967076266
30750 0.005182055530650436
30800 0.011064327909278316
30850 0.005596491823069434
30900 0.005673537731410411
30950 0.01475494175134264
31000 0.005542382848558948
31050 0.005284920031866606
31100 0.006525496279902978
31150 0.00549700296102242
31200 0.006556047327583731
31250 0.005334850155336226
31300 0.007327313994771933
31350 0.005782513602153397
31400 0.008179295986935536
31450 0.005930176395295681
31500 0.005545748657161658
31550 0.005430644054344846
31600 0.005167037596423018
31650 0.0077650423426717085
31700 0.0054280684616438615
31750 0.005364633366395034
31800 0.005714940980547989
31850 0.0055639294373861494
31900 0.005672470485445584
31950 0.005933263265803006
32000 0.005593327977199957
32050 0.0061912470636404
32100 0.0050979987607278395
32150 0.005680337118324572
32200 0.007723561345721693
32250 0.005545727245164265
32300 0.008764516233843904
32350 0.005191745874176942
32400 0.006457972770311813
32450 0.005560711144155506
32500 0.005695628329589586
32550 0.009115862987200983
32600 0.0053901148856619245
32650 0.0051975011487934075
32700 0.009751447684780704
32750 0.005439610975979982
32800 0.006648968722353301
32850 0.005354513238325051
32900 0.0054702050952741025
32950 0.005899037844203498
33000 0.005275371509381867
33050 0.01065210980810765
33100 0.005337099716779419
33150 0.005356515627476981
33200 0.005550016293653827
33250 0.006211921087937901
33300 0.005358218572825612
33350 0.006336544660997769
33400 0.005040403708971338
33450 0.00539648593871757
33500 0.005424678766405231
33550 0.005963718374634822
33600 0.00537783273261358
33650 0.005128722887527639
33700 0.005382504311749456
33750 0.005649980607670284
33800 0.005697792985215123
33850 0.005006956742919443
33900 0.005306490733142734
33950 0.005851046597424944
34000 0.005129640365421358
34050 0.004990169661449443
34100 0.006148868210905958
34150 0.004941209117993586
34200 0.005231226705113959
34250 0.004852981427459033
34300 0.009675571856455789
34350 0.006039942945525644
34400 0.005290368076441818
34450 0.00702353125301632
34500 0.0058745098440744084
34550 0.0055045252834817525
34600 0.006746041442934648
34650 0.010321616713441277
34700 0.005394602706307368
34750 0.005500445364466856
34800 0.005171595336366063
34850 0.005271058316891039
34900 0.0053463523185031635
34950 0.0057875017758561515
35000 0.005451487679301275
35050 0.0052252786311547715
35100 0.0052317837718603415
35150 0.005444147640097506
35200 0.005025354041716696
35250 0.004995611723654906
35300 0.005231920247404828
35350 0.00512268053097937
35400 0.004929194776014426
35450 0.005139498585792941
35500 0.005067904058387898
35550 0.004941939777610737
35600 0.004894382437482985
35650 0.005246445653339799
35700 0.004889055910678312
35750 0.005187177564645181
35800 0.005084207506875592
35850 0.004903008622025916
35900 0.005389708259389322
35950 0.005215654545522022
36000 0.005408719052201541
36050 0.005170547213864717
36100 0.005258173052573344
36150 0.0050864973900250155
36200 0.00516228722713288
36250 0.0051429089864882364
36300 0.004935161474055248
36350 0.004905037394679791
36400 0.0050348492567382774
36450 0.004906470826394064
36500 0.004953439591613418
36550 0.005368666836154345
36600 0.009003976388520886
36650 0.005096395885307011
36700 0.0053862943853140565
36750 0.005397543549860243
36800 0.005135167708490457
36850 0.005016945054743069
36900 0.004839221339963418
36950 0.00506412915527111
37000 0.006207925594001021
37050 0.005221344734505353
37100 0.005059315601910099
37150 0.004822915370181698
37200 0.005034256292967795
37250 0.005004052007614528
37300 0.0048558034882309345
37350 0.0048967051777802605
37400 0.005622304539206848
37450 0.005132596386526019
37500 0.004892560084709823
37550 0.005195200983754281
37600 0.005131536647668966
37650 0.005105183439233431
37700 0.00524735653576222
37750 0.005203519133956895
37800 0.005471825821738598
37850 0.0051493781901975726
37900 0.0049236301763128055
37950 0.005107833718774332
38000 0.005758849407778253
38050 0.005012775816056396
38100 0.0050576789959337265
38150 0.004736535619985633
38200 0.0049682439400395104
38250 0.005109356408443028
38300 0.004880874477688965
38350 0.004992839825868631
38400 0.004805637682856915
38450 0.004980585375580412
38500 0.00486253859001535
38550 0.009300008827272445
38600 0.00530080650022297
38650 0.004739208649019925
38700 0.005155746812719148
38750 0.005257272696323749
38800 0.0058771784915309325
38850 0.005028428013586859
38900 0.007242534271830377
38950 0.004742222837065038
39000 0.004858997806571059
39050 0.0049522832374832015
39100 0.005390129779098887
39150 0.005005673168692621
39200 0.00833851153466012
39250 0.004907749534178484
39300 0.005484765312876359
39350 0.005806887645778065
39400 0.004931859605152555
39450 0.005371849578238898
39500 0.004889426400710007
39550 0.005247888622687546
39600 0.0049551373098537955
39650 0.004992767112044901
39700 0.006425543225593052
39750 0.004701714127891546
39800 0.005007170688559983
39850 0.004833156409324417
39900 0.004754089696489525
39950 0.0046846783473015055
40000 0.004759899505029387
40050 0.005927980637136349
40100 0.004646014877788529
40150 0.0051288394747637965
40200 0.005864995580232391
40250 0.004561921455604122
40300 0.0046591611869086355
40350 0.005286782887678275
40400 0.00462884909985814
40450 0.004886877846997263
40500 0.004882199817868491
40550 0.007345171060172813
40600 0.00466658539463801
40650 0.004548535180210618
40700 0.00492620168331817
40750 0.004665705160114313
40800 0.004863434214200517
40850 0.005203497608032196
40900 0.004930842361776791
40950 0.004875364041064559
41000 0.004956172945146305
41050 0.0048583994035776255
41100 0.004759860900551905
41150 0.007133238408491972
41200 0.00476705823012143
41250 0.004744097852075461
41300 0.00495751634034374
41350 0.004710622877004914
41400 0.004489389505711032
41450 0.0050838951441462
41500 0.005166567023152774
41550 0.004868362488478201
41600 0.0048453163980495964
41650 0.004748001363214951
41700 0.004731236480201202
41750 0.004711996066212178
41800 0.0047428569128000935
41850 0.00472634764026454
41900 0.004761622592162718
41950 0.0050751585533034245
42000 0.004544033635801575
42050 0.004696537576584516
42100 0.005056844007494177
42150 0.005106879689137401
42200 0.005482431871792322
42250 0.004416041461592744
42300 0.005035342207929938
42350 0.005447650942267252
42400 0.007477882564961468
42450 0.004535641510174135
42500 0.0048561177104918165
42550 0.0054879168796736575
42600 0.00486339602144795
42650 0.006620249728188376
42700 0.004965786326991394
42750 0.004804956031455653
42800 0.004886326140100272
42850 0.004495805648524799
42900 0.006076671173243697
42950 0.004925889077795592
43000 0.006674721147327429
43050 0.004697401137178873
43100 0.004608706989840835
43150 0.004864265059139981
43200 0.004619389299107741
43250 0.004513678888900731
43300 0.0049801798747631035
43350 0.004639957656752655
43400 0.0048065868085587935
43450 0.00483305857324952
43500 0.004470336389534852
43550 0.004885741187925945
43600 0.00616930421165375
43650 0.0047676680363381175
43700 0.00488569641848048
43750 0.00467831109528418
43800 0.004616860519306763
43850 0.004718130559382079
43900 0.005063876233073127
43950 0.004543639105077718
44000 0.0047261750514845415
44050 0.0047074316188593
44100 0.004825516412519551
44150 0.00463003330199152
44200 0.004537710580803435
44250 0.004562593528738562
44300 0.005982541674779226
44350 0.004519600573278151
44400 0.005045212974317844
44450 0.0046603664328406375
44500 0.00477580756885184
44550 0.004635473892776775
44600 0.004370351134946902
44650 0.0054905085923471555
44700 0.004696561770502557
44750 0.004443013593809577
44800 0.004560786832623248
44850 0.005379007966859839
44900 0.004624516637493423
44950 0.0045290296471708
45000 0.0043121845990983535
45050 0.005050013450572786
45100 0.004392762247609473
45150 0.004721452460235036
45200 0.005476165763452016
45250 0.004606573019240604
45300 0.004695173715683586
45350 0.004844238367356436
45400 0.004674181707284052
45450 0.004714019758900199
45500 0.00448624956046678
45550 0.00467582316766206
45600 0.0048481876949699465
45650 0.004288987080499929
45700 0.0046682664895521505
45750 0.00425937671144864
45800 0.005309739189590333
45850 0.00459668143094293
45900 0.0046231405456517004
45950 0.004974674097555743
46000 0.004460587425993021
46050 0.0059094979962095485
46100 0.004554754786784027
46150 0.005647383321428253
46200 0.004517683040142229
46250 0.004967049030818554
46300 0.0052646816021976045
46350 0.004523955702567787
46400 0.004561745522514634
46450 0.004381131031003098
46500 0.004804247152776421
46550 0.0054131216383643075
46600 0.005637172933945601
46650 0.004395864192030522
46700 0.007336821904801874
46750 0.004573853006813446
46800 0.004444758855315666
46850 0.004372075364001312
46900 0.004619008192679065
46950 0.005121344882047632
47000 0.00483237202049815
47050 0.005463001071860189
47100 0.004310455659153433
47150 0.004729874340865786
47200 0.004830573917301418
47250 0.004509814726091728
47300 0.005729123629785628
47350 0.004240256160261122
47400 0.004987111538214132
47450 0.004989116011996086
47500 0.007194008280603843
47550 0.004523620024061022
47600 0.004226721213664807
47650 0.004527063602620962
47700 0.004919552687447875
47750 0.004327480755901886
47800 0.004673873886682301
47850 0.0044329573957633634
47900 0.004295507868160466
47950 0.007088820395371338
48000 0.0045204639890821735
48050 0.004224838004161968
48100 0.004182617205096002
48150 0.004342668624753373
48200 0.004457142817208621
48250 0.004466761017713553
48300 0.004339430952435229
48350 0.004254301472982342
48400 0.004191193814561942
48450 0.004278610271954641
48500 0.004428271418218482
48550 0.004608345296327224
48600 0.004347428134343139
48650 0.004430679388797829
48700 0.003944133545123691
48750 0.004334550208208584
48800 0.004438885567751888
48850 0.004193531027548787
48900 0.004433200431874316
48950 0.004505746046104799
49000 0.004273950573034701
49050 0.004327624171041437
49100 0.00436225653712304
49150 0.004227038211016509
49200 0.0042965246737475095
49250 0.004214718425793263
49300 0.004339903981468266
49350 0.00443636826079438
49400 0.0043841541980615805
49450 0.004356471744592268
49500 0.004590720974998035
49550 0.004341519464564117
49600 0.00449100070736867
49650 0.004566985696685744
49700 0.004097868447782535
49750 0.004293445919225934
49800 0.004397982471761156
49850 0.0042926007879521165
49900 0.0046009075581357325
49950 0.004607851294684388
50000 0.004397829647642567
