50 0.13176057097983054
100 0.11085143906499792
150 0.09500980983129592
200 0.07483298399537222
250 0.061856256777192656
300 0.057567123803497246
350 0.043387093634185865
400 0.040421263449085136
450 0.03399364428321249
500 0.03332586320693977
550 0.0416504868035609
600 0.04203792091569394
650 0.028760585223875337
700 0.03824052672176624
750 0.02530793236935294
800 0.07487745366886914
850 0.025011898489422053
900 0.02338382029732861
950 0.023027035717821248
1000 0.02053484785487559
1050 0.029982003875242833
1100 0.021471902927466424
1150 0.04206886540278044
1200 0.021617240071730538
1250 0.02133063729917802
1300 0.025784232833530214
1350 0.0222033528618003
1400 0.021248875864665794
1450 0.02190488026074334
1500 0.019828432292434247
1550 0.018866350306098685
1600 0.022773765045055093
1650 0.020520296114656868
1700 0.02616563090985605
1750 0.03406540678772534
1800 0.018095233754159185
1850 0.033269332992986594
1900 0.025185996751760604
1950 0.03992220666085352
2000 0.020389248287043325
2050 0.0196343353115001
2100 0.018081366422405053
2150 0.019632100204243802
2200 0.017458123207929502
2250 0.01719304297460219
2300 0.01600238706765309
2350 0.019146251952134145
2400 0.01619221654742335
2450 0.022715759537463274
2500 0.02324498639198856
2550 0.015869040426437005
2600 0.021320568863954892
2650 0.029523956483993516
2700 0.0175162666170496
2750 0.017456439417553864
2800 0.01633676699930827
2850 0.024177119448712567
2900 0.016453362496603497
2950 0.015556147041378351
3000 0.024712936376748193
3050 0.015050796711612259
3100 0.047048832410891035
3150 0.01536502481391097
3200 0.015518838716232091
3250 0.01557318392746364
3300 0.017794683579789455
3350 0.014469941375315992
3400 0.01603359549789988
3450 0.019306700170506074
3500 0.038095359612368214
3550 0.014611401623645328
3600 0.017557980194997404
3650 0.016958841218894655
3700 0.01611918401971535
3750 0.015241453415540805
3800 0.016117173681154163
3850 0.014684789520973638
3900 0.013372372029263432
3950 0.01520362733599123
4000 0.03381668294083136
4050 0.014608222936726402
4100 0.01581650105335677
4150 0.018671972427042192
4200 0.014636957596369751
4250 0.015620226840439757
4300 0.018400930346146906
4350 0.013929502292423122
4400 0.013730921795932756
4450 0.016773160515392228
4500 0.014403358054320966
4550 0.01496476961367719
4600 0.01701511271793421
4650 0.013159301789583836
4700 0.014040061177996313
4750 0.014262756789714432
4800 0.024786349347455727
4850 0.01825756504140123
4900 0.03222961417168813
4950 0.014060497972078968
5000 0.03394784342731729
5050 0.01304931178223814
5100 0.012856882174482578
5150 0.013568220740763567
5200 0.01301806313030382
5250 0.013213636688751012
5300 0.012262332170588494
5350 0.011612084772800917
5400 0.012005873634527252
5450 0.012618999334896375
5500 0.011880412635653335
5550 0.011741046713407385
5600 0.011669231589419474
5650 0.012284373360190698
5700 0.011949186741607321
5750 0.011606705820133307
5800 0.011030643117789595
5850 0.011553171135208705
5900 0.0159567296048984
5950 0.011032845506809894
6000 0.011158665044842895
6050 0.01563372254855964
6100 0.011027444155814439
6150 0.014809820858706274
6200 0.011135660357882859
6250 0.04216192132225033
6300 0.011221066180764365
6350 0.010628884434272812
6400 0.015085833220375782
6450 0.010448810197163353
6500 0.012113652911190537
6550 0.011271481155868878
6600 0.011546083142076063
6650 0.012781471561007434
6700 0.010685970540488015
6750 0.01812365437404245
6800 0.010598626332296192
6850 0.011180571699162934
6900 0.02978061511265053
6950 0.017265644482814403
7000 0.010263037767380924
7050 0.01590079400334584
7100 0.010333092742522287
7150 0.01044439876634507
7200 0.020200870509403224
7250 0.010694717876695799
7300 0.01047097647171375
7350 0.015968034716114004
7400 0.02490364292890734
7450 0.011185764725848235
7500 0.015962045626419646
7550 0.010112434629445636
7600 0.014106589203355727
7650 0.010756102729732498
7700 0.010437397038966187
7750 0.011180177555673396
7800 0.010015468612292015
7850 0.025855058370557647
7900 0.01036019489678764
7950 0.010340021286148424
8000 0.019391065096771118
8050 0.01014731831906123
8100 0.01000596624211478
8150 0.012728234810747082
8200 0.0106535006220119
8250 0.01833525800420522
8300 0.04683294230606735
8350 0.010328755331034046
8400 0.010216411130826938
8450 0.034440091846234276
8500 0.010813003783331165
8550 0.02839024358190203
8600 0.009534635267580884
8650 0.011543473341907041
8700 0.010897598616901654
8750 0.010323321953165016
8800 0.015959257211378416
8850 0.010425867119241022
8900 0.009880776139915516
8950 0.009661432092313592
9000 0.010620131303474379
9050 0.014885317858985316
9100 0.010376944899831972
9150 0.020024537880706628
9200 0.009802882482194387
9250 0.010829881361706888
9300 0.011590628271670834
9350 0.009299091703608485
9400 0.012098574062059
9450 0.009764022170244899
9500 0.02895753411420498
9550 0.010140890873204656
9600 0.0115389903716846
9650 0.02461091918231517
9700 0.009847228593372882
9750 0.009500686983363513
9800 0.016143930960783957
9850 0.010374853825277633
9900 0.009382934125815045
9950 0.009236019382452327
10000 0.011329600975061202
10050 0.009479037805685613
10100 0.010011805845532087
10150 0.008859476607354843
10200 0.009250853370495792
10250 0.009430220149013754
10300 0.009104755442061895
10350 0.008714113751910722
10400 0.009033793656675773
10450 0.00906044002572769
10500 0.008993833818298639
10550 0.010046896368740834
10600 0.00879017468168391
10650 0.008386926579039956
10700 0.00916696921268327
10750 0.008937167161868242
10800 0.009107411039429601
10850 0.00911429231855531
10900 0.008828780373485234
10950 0.009056742636054662
11000 0.008466285406849978
11050 0.008903764098175266
11100 0.009263519392885533
11150 0.009476105100544642
11200 0.008938868966672913
11250 0.01630649826941891
11300 0.008133214703891185
11350 0.010167776252919475
11400 0.010134301869191283
11450 0.02351641474657724
11500 0.008178417158077994
11550 0.008496638435085342
11600 0.00989942351246158
11650 0.00850848312393654
11700 0.00982336711098675
11750 0.008692576459004626
11800 0.010537468792992978
11850 0.0086412942617524
11900 0.008272620529947594
11950 0.00790475583108738
12000 0.01440682479566085
12050 0.013816448555568541
12100 0.010262045693204552
12150 0.010379466228435552
12200 0.00868534486964504
12250 0.008196495536391226
12300 0.008863351189030103
12350 0.0084095406460583
12400 0.008008163350439043
12450 0.02144185127888389
12500 0.008371430505950758
12550 0.007965770947737053
12600 0.025247356982711067
12650 0.008248747705656869
12700 0.007812159752805543
12750 0.008503249558844496
12800 0.00780771854494551
12850 0.008393913574103047
12900 0.008374777809924527
12950 0.007597700129359206
13000 0.012166220726241312
13050 0.012148987266919604
13100 0.00802766546807693
13150 0.007966185790641135
13200 0.008726549833391288
13250 0.007812777434441916
13300 0.008184334967016541
13350 0.011723695734777103
13400 0.00811212677244767
13450 0.007872467515765183
13500 0.0077381818596339875
13550 0.012964220756299931
13600 0.008026722338275831
13650 0.008411959715055862
13700 0.009120271114545142
13750 0.007767070534378033
13800 0.009896405889097319
13850 0.008028290196738631
13900 0.010764508272030722
13950 0.009776499122133233
14000 0.007891387541458175
14050 0.015925188104415105
14100 0.007572676390630829
14150 0.016423978827000717
14200 0.007969298010837976
14250 0.007718993278264094
14300 0.00725992703351191
14350 0.016123513708616286
14400 0.008285912606948482
14450 0.007718607484017806
14500 0.010090166806919024
14550 0.008238857530348741
14600 0.009223984967923673
14650 0.008784420074726625
14700 0.008554850104270456
14750 0.007636506314943496
14800 0.010239617363405423
14850 0.007625377459897367
14900 0.007530714155068008
14950 0.018943021202254485
15000 0.007402535698157061
15050 0.007194969864702997
15100 0.008087370909222954
15150 0.0072975857681911015
15200 0.00762956752281857
15250 0.007058634002650038
15300 0.011823531505991965
15350 0.02067246447194948
15400 0.007311498584999222
15450 0.007226999444232503
15500 0.007397031797587431
15550 0.009198785317741114
15600 0.00760731530911365
15650 0.008550536917197586
15700 0.007179273659319106
15750 0.007470264020568845
15800 0.0073777962303040925
15850 0.0070454716613091535
15900 0.007818784563611717
15950 0.007129005275639827
16000 0.010260923902287741
16050 0.009893806199314507
16100 0.011754877937200805
16150 0.006911017237778878
16200 0.007690862347789055
16250 0.007020093821903942
16300 0.008017575630968233
16350 0.0072771230578931425
16400 0.009973851670754959
16450 0.007160291361868724
16500 0.006813388950715899
16550 0.007547552912304357
16600 0.015654764203740262
16650 0.007075323997377727
16700 0.008720492216836248
16750 0.0076705924185156964
16800 0.007331245554405015
16850 0.007492716796552574
16900 0.007432933969212623
16950 0.006857267961764292
17000 0.007285033693421661
17050 0.007165662163022494
17100 0.008365267772181394
17150 0.006962545126880632
17200 0.007517167914097429
17250 0.0120845054962845
17300 0.007445297652583607
17350 0.007006133536567192
17400 0.007217440728273543
17450 0.008385803374266029
17500 0.010923414976412247
17550 0.007343218406951849
17600 0.007542698759842795
17650 0.007973036797514942
17700 0.007489298429774124
17750 0.007404608802827531
17800 0.013244464781900514
17850 0.007523586338396185
17900 0.006907760903955556
17950 0.006978086484892543
18000 0.007342573553409931
18050 0.007897388060772764
18100 0.006907900269871887
18150 0.019326091890408605
18200 0.006969371424006146
18250 0.015309605155223796
18300 0.008055966891679202
18350 0.015366153082072235
18400 0.006996224443848121
18450 0.0070408025187529335
18500 0.014453996471481765
18550 0.006834614854783134
18600 0.009003532408779519
18650 0.006974686552324504
18700 0.008766688659686273
18750 0.007112729022893144
18800 0.01010500171318151
18850 0.007363157699757953
18900 0.006966758177217827
18950 0.013101676319640203
19000 0.006618231821415927
19050 0.006593961101955873
19100 0.008092323313990915
19150 0.0066205380058839995
19200 0.007704486863607534
19250 0.007350216970071111
19300 0.010464766091733616
19350 0.007388525850063791
19400 0.006748800241400278
19450 0.01356009322445801
19500 0.008721735845171961
19550 0.009413181140261486
19600 0.006948421305704178
19650 0.006986687063029376
19700 0.01765139548323802
19750 0.006331455957557814
19800 0.0066250266591515875
19850 0.0069126241119190635
19900 0.007538690735661724
19950 0.006781149586110822
20000 0.006691100640323566
20050 0.00635397102640219
20100 0.006558064131895366
20150 0.006396979728330621
20200 0.006677411990196015
20250 0.00656592881700092
20300 0.006689031459483583
20350 0.006168646858189007
20400 0.006008553842640149
20450 0.006739953460479768
20500 0.006712946548725418
20550 0.006120252750640954
20600 0.006592648775834685
20650 0.006524639419426129
20700 0.006234579679596622
20750 0.0063414268631741336
20800 0.006467434225720294
20850 0.006652981230962859
20900 0.0062854880790800954
20950 0.006366767454023953
21000 0.0067917184979386005
21050 0.006361104613929546
21100 0.006195632450078619
21150 0.006379680796444741
21200 0.006411706230493407
21250 0.006574942295523514
21300 0.011125722058389943
21350 0.006607754401002444
21400 0.006484923914083427
21450 0.008759772430165593
21500 0.006664430487767835
21550 0.006045568121244567
21600 0.006480541938781958
21650 0.006847314900824381
21700 0.013168437613813892
21750 0.006117684174159356
21800 0.006771748044931133
21850 0.007775779743951335
21900 0.006202472803311468
21950 0.006547169416723335
22000 0.007030266292482188
22050 0.006586017122715926
22100 0.00632140126693322
22150 0.006442585132755078
22200 0.009604042509586354
22250 0.005813014728655076
22300 0.006626841976406519
22350 0.007022505424486616
22400 0.005981806366584346
22450 0.006518779728319225
22500 0.0060727376703263785
22550 0.006406637640036767
22600 0.00626967737017152
22650 0.0061181447181381235
22700 0.006004282330527459
22750 0.006257558197960315
22800 0.006672078065661248
22850 0.007476045314605122
22900 0.005833007123039498
22950 0.0059346403135430515
23000 0.006818877553620663
23050 0.010610569904231173
23100 0.006294101359348533
23150 0.005961234896299446
23200 0.006983993875002113
23250 0.00875646059819134
23300 0.006694920047636495
23350 0.006195995936784425
23400 0.006649125892658484
23450 0.00558434254819625
23500 0.0061277291549602765
23550 0.006338627997069799
23600 0.007743404034441102
23650 0.010647124710371911
23700 0.006369889936300591
23750 0.005857154295436928
23800 0.009098216720375996
23850 0.00588109920433771
23900 0.007256775217207187
23950 0.006648569196816197
24000 0.01014934870556809
24050 0.00614217619496894
24100 0.006118798730927513
24150 0.010188419824207593
24200 0.006024523819937257
24250 0.006110378867542606
24300 0.0059945590722506265
24350 0.006203359492048161
24400 0.007803172949218693
24450 0.00687814685949762
24500 0.005822478795394812
24550 0.005887415334495388
24600 0.006734275909408927
24650 0.005797330588531368
24700 0.006164392350319427
24750 0.006746687310726042
24800 0.006195273470704319
24850 0.00623891630962537
24900 0.007973315951046332
24950 0.006096846576836554
25000 0.006534382293102623
25050 0.006123669214360997
25100 0.006178154769948079
25150 0.00605888193353123
25200 0.005988315101490945
25250 0.006363852907158099
25300 0.006417555961256367
25350 0.006019222049940468
25400 0.0060234887284853576
25450 0.006937193136767249
25500 0.005968322810821753
25550 0.005934559289555932
25600 0.006678818163335978
25650 0.00785285448422454
25700 0.006802634805667933
25750 0.006451008119793295
25800 0.005588806220179677
25850 0.006101030364109346
25900 0.006046792063905475
25950 0.008330812073980306
26000 0.009296919130846735
26050 0.006040716740384387
26100 0.00675376023497111
26150 0.005416572355055826
26200 0.007839235502115032
26250 0.006624932332498754
26300 0.011397358993942487
26350 0.005934454436460185
26400 0.005897726199951216
26450 0.006148278813287455
26500 0.006831156639535279
26550 0.007107103913338965
26600 0.005753128015519091
26650 0.005724643016703199
26700 0.006978775546890666
26750 0.005928064854241616
26800 0.009104336810606626
26850 0.00617255033428714
26900 0.008551198497623237
26950 0.006079917906392041
27000 0.005940181835580349
27050 0.005819453367630156
27100 0.008640082805653163
27150 0.006166964839079775
27200 0.0056567690610541226
27250 0.00821556717992032
27300 0.00605770055639621
27350 0.005579469660600503
27400 0.005797054676189153
27450 0.005397377793070447
27500 0.009428408735217298
27550 0.005887975714620204
27600 0.0056149718858182025
27650 0.006103722396918477
27700 0.005533201561019975
27750 0.005673455017408791
27800 0.0057295890356730125
27850 0.005420534398345769
27900 0.005553103622543524
27950 0.006350724048092248
28000 0.005976054149389864
28050 0.0061094998572619455
28100 0.006613403116421211
28150 0.006085908217538985
28200 0.005658334910971668
28250 0.005714873827444659
28300 0.008074354206709667
28350 0.005627448625947111
28400 0.005723292009062018
28450 0.006601164077069424
28500 0.008185057819210856
28550 0.005625718996726803
28600 0.005727758335837563
28650 0.006987780672241557
28700 0.00538829446948215
28750 0.005834480274970731
28800 0.007850928127978229
28850 0.00558610184444208
28900 0.007900529953367928
28950 0.00595236653595124
29000 0.005954653735035275
29050 0.006559337758972172
29100 0.005492179343952478
29150 0.005798841195722492
29200 0.005376662952776974
29250 0.0058418623684794325
29300 0.007336707732506224
29350 0.005840958499550391
29400 0.005605756340518295
29450 0.005586561906528079
29500 0.00538166286493161
29550 0.005435503650509555
29600 0.00524341315647694
29650 0.0074048189822749485
29700 0.005681214575810729
29750 0.005780659996765633
29800 0.005369455780258005
29850 0.00581643192067663
29900 0.005776407692647333
29950 0.005641872316167936
30000 0.005661439496967581
30050 0.00756051867780493
30100 0.0054754280854592925
30150 0.006196908572030984
30200 0.006034312650912471
30250 0.00605048866325241
30300 0.0059561637573516246
30350 0.005624046300354838
30400 0.005597652936117412
30450 0.006492795384449557
30500 0.008361267908206276
30550 0.005554052292316968
30600 0.005600597743625489
30650 0.005271086502411248
30700 0.00554407755221767
30750 0.005613112963590073
30800 0.008238801144273966
30850 0.005552970903881559
30900 0.010211183058644005
30950 0.0054251813496504885
31000 0.008059939896564235
31050 0.007706879820170484
31100 0.005394848774946975
31150 0.011744209416129015
31200 0.00564698195682249
31250 0.005873025234149541
31300 0.006104664431827255
31350 0.005576323610110932
31400 0.005557182727671678
31450 0.005740237430366979
31500 0.005923080417482336
31550 0.005570307561218626
31600 0.009441430833999509
31650 0.005390659139555779
31700 0.005896731846463146
31750 0.006761903277866697
31800 0.006097838071978087
31850 0.005883667512840005
31900 0.005479506201777401
31950 0.0061403117582326545
32000 0.005176132747540045
32050 0.0060919847231883885
32100 0.005278118928582051
32150 0.006308095803399184
32200 0.005261567276339702
32250 0.006252537656776694
32300 0.007511626034751016
32350 0.005980679052122287
32400 0.010461920885424207
32450 0.005526276388442034
32500 0.005226237334746654
32550 0.005204072571451171
32600 0.00755336302257927
32650 0.00565383450776525
32700 0.006165925659029836
32750 0.0055257122294076295
32800 0.009696872936962617
32850 0.00544632875024485
32900 0.005723176320634586
32950 0.008296775284610739
33000 0.006386150774266432
33050 0.005648465421683977
33100 0.005526433003107871
33150 0.006966881940264117
33200 0.005913512733892769
33250 0.005861354228981619
33300 0.0054476150634533375
33350 0.005641226372593805
33400 0.005618267298907423
33450 0.0056493120478548165
33500 0.0053767532686531515
33550 0.006181777298436387
33600 0.00551191567699492
33650 0.007056918522034364
33700 0.0077564379873304385
33750 0.0056653459603079855
33800 0.005728533308808543
33850 0.005824072338334158
33900 0.005736506936387022
33950 0.0055026344583481825
34000 0.005563743593382617
34050 0.005826984113979341
34100 0.005677267772925214
34150 0.00540729248679
34200 0.005854793762386579
34250 0.006165336000359553
34300 0.006946269662999426
34350 0.005188878570665972
34400 0.007551815894858011
34450 0.005409440645348181
34500 0.005654798304934424
34550 0.005749895058319674
34600 0.005001571618955925
34650 0.007626233089099978
34700 0.005582500576579148
34750 0.005538978109654717
34800 0.006455865799429941
34850 0.005836845194677079
34900 0.005435014758013821
34950 0.005176568992248636
35000 0.006093779643927644
35050 0.00543031422812107
35100 0.005383876691026952
35150 0.00494764388701785
35200 0.005244156929581671
35250 0.005333862796557185
35300 0.005210020205553749
35350 0.0056603087985971435
35400 0.005195106970506693
35450 0.005004106460463716
35500 0.005177686541639311
35550 0.005245388514318094
35600 0.005386793271640652
35650 0.005051110250956662
35700 0.005262086108848868
35750 0.005158032875935541
35800 0.005094566953181164
35850 0.005384787789355851
35900 0.005101105069687326
35950 0.004876926527036865
36000 0.0049654795573902495
36050 0.005306001694834181
36100 0.005092532654689725
36150 0.005080177673374575
36200 0.005227392993804407
36250 0.0051589802784451294
36300 0.005486207658458632
36350 0.004807198184962242
36400 0.005146380289938695
36450 0.005377228960906443
36500 0.005040215944268825
36550 0.0049969757942676316
36600 0.00505054593358407
36650 0.005068834890553504
36700 0.005320342307375748
36750 0.0058083365569569795
36800 0.00497699236266811
36850 0.005161150972160048
36900 0.004916827809938934
36950 0.0052729955956330055
37000 0.005705196967993511
37050 0.005051792438768567
37100 0.006119464208178908
37150 0.005901886324559999
37200 0.005069599613634435
37250 0.004980185556050986
37300 0.005112022230067387
37350 0.00526107443555786
37400 0.005700399108589639
37450 0.005268994299230296
37500 0.006328668369867921
37550 0.005110605950645309
37600 0.00524486638251549
37650 0.004949675501531674
37700 0.006422126751101969
37750 0.005679477809287726
37800 0.005631182101823476
37850 0.0050631785890218285
37900 0.005124282509027541
37950 0.005150367799642215
38000 0.005006464069152752
38050 0.0050260470538853585
38100 0.0066547847729521254
38150 0.005619882029736064
38200 0.004884793555211899
38250 0.00511627990056475
38300 0.00566467690484966
38350 0.0049618557849922945
38400 0.0051668285237313535
38450 0.005192732967713384
38500 0.005473154292999026
38550 0.004979482848346533
38600 0.005151294793560169
38650 0.00516168219123219
38700 0.005043882954731018
38750 0.005811446287979566
38800 0.00514292689428301
38850 0.006579256874115888
38900 0.005190230525763316
38950 0.005123076536147904
39000 0.005826621758693333
39050 0.007050039726048896
39100 0.005160032378525667
39150 0.005497864647876006
39200 0.005750329012155623
39250 0.005163223435691351
39300 0.006008444031415036
39350 0.005201023101312952
39400 0.0053701602607436295
39450 0.0051268481683171985
39500 0.004871670916550729
39550 0.004650253590218366
39600 0.0049716707822631155
39650 0.005083244774345586
39700 0.004930588349066971
39750 0.005485213399760779
39800 0.005179066280556622
39850 0.006021230716945684
39900 0.00540376293223094
39950 0.005013734100200301
40000 0.0049437267165496285
40050 0.005412299365513659
40100 0.005098507476705901
40150 0.005338374943927623
40200 0.005212192550588063
40250 0.004835382426074072
40300 0.005721666885936202
40350 0.004570604493223652
40400 0.004749252380278508
40450 0.004908364099301613
40500 0.005281285125037928
40550 0.005266531924100458
40600 0.004901995569353998
40650 0.004952067000446482
40700 0.004849128496240768
40750 0.004783274476859295
40800 0.005801764896200206
40850 0.005096613818216725
40900 0.008035573738023865
40950 0.005039750769494895
41000 0.005422583497671631
41050 0.005352658893727716
41100 0.005194567638320861
41150 0.004852092581598854
41200 0.0048058583153331525
41250 0.00525804449041769
41300 0.005248622034951893
41350 0.0062296837935681285
41400 0.005410942062280165
41450 0.005064730956265623
41500 0.0052277899254063965
41550 0.004914219238406053
41600 0.005221693471962239
41650 0.0089559042644097
41700 0.005389487521004505
41750 0.004844561534283489
41800 0.004905859173653762
41850 0.005406817478238479
41900 0.005544845056078388
41950 0.004838216068278169
42000 0.004972709427284134
42050 0.005003804793067095
42100 0.0053393838563037905
42150 0.005600454045535127
42200 0.0049136423775489385
42250 0.005252673730788785
42300 0.004980498739393775
42350 0.006079876982104079
42400 0.004944518771977549
42450 0.004884760939569501
42500 0.0049825765647406595
42550 0.004712002250916924
42600 0.005215241362944147
42650 0.0049595136602951385
42700 0.004888987016754333
42750 0.004899056912422409
42800 0.005403856155434973
42850 0.006928916759202064
42900 0.004680543816084137
42950 0.004915734815166098
43000 0.004808878680848823
43050 0.004870166469128414
43100 0.004977902823358085
43150 0.0045622511010080975
43200 0.005284623080349394
43250 0.006637407288528252
43300 0.004885023326678634
43350 0.004887962343496518
43400 0.004956000378313855
43450 0.005223526659461584
43500 0.00527782624451867
43550 0.006439767545539363
43600 0.004932045705877818
43650 0.005092494515702121
43700 0.005148883061821511
43750 0.005501559850216048
43800 0.005245550129335657
43850 0.005133782356263891
43900 0.004763674231944063
43950 0.004824250449546135
44000 0.006129991254840634
44050 0.005073801599024896
44100 0.0048007233725566685
44150 0.004932995853654936
44200 0.005105693416791986
44250 0.005416585049478258
44300 0.005403476450785173
44350 0.004716657558684916
44400 0.004762560316710762
44450 0.00546914177675798
44500 0.005161353055302091
44550 0.00503820649404211
44600 0.006089527347584594
44650 0.004821006068861161
44700 0.004701415267885361
44750 0.0048990280662346095
44800 0.004996194164285956
44850 0.004692932644737903
44900 0.0070220408167023865
44950 0.004649300654121947
45000 0.0049069919769166425
45050 0.004808947163298956
45100 0.005803184381606602
45150 0.005253417957352098
45200 0.004574464394433171
45250 0.00486565037074878
45300 0.005129637460603112
45350 0.005067995839278165
45400 0.009234672120962397
45450 0.004793745228952093
45500 0.004889069893768856
45550 0.004655876684305004
45600 0.004602552024747362
45650 0.005246879669568921
45700 0.005409651038434232
45750 0.006857955224329911
45800 0.004762996238999216
45850 0.004858600328969877
45900 0.004647045085865833
45950 0.00440008477771178
46000 0.0046884047370015
46050 0.005478883158722347
46100 0.005020650088956033
46150 0.004693259989378155
46200 0.005370650084446049
46250 0.004619402936970011
46300 0.005517257871588033
46350 0.004410644398705161
46400 0.004878790073766827
46450 0.0045217120367802574
46500 0.0047948308816140065
46550 0.00528183342335283
46600 0.005344448229729385
46650 0.00583121506099018
46700 0.004858956239901972
46750 0.009946051610670546
46800 0.004510464605189895
46850 0.005047371039431683
46900 0.005858097371492829
46950 0.0049660987795100905
47000 0.005063397881920253
47050 0.0050401374794582345
47100 0.004604232635742767
47150 0.0049762490678295
47200 0.004723349024625127
47250 0.004878256119850441
47300 0.005108916492291906
47350 0.004571096514884876
47400 0.010381004097708252
47450 0.004686600618064433
47500 0.004490876232242148
47550 0.004899186331126584
47600 0.005099829927959067
47650 0.0046225537650391255
47700 0.00438769794945973
47750 0.004561767012674951
47800 0.005613088917616122
47850 0.004755028699092205
47900 0.005473495499995
47950 0.0051390893826968155
48000 0.0047147668952090774
48050 0.004710974180564276
48100 0.0043803478992880136
48150 0.00453556905939313
48200 0.004754300921494438
48250 0.004597550840933
48300 0.00479109690410818
48350 0.004728323145985717
48400 0.004539696144167789
48450 0.004573401781808055
48500 0.00441578869955899
48550 0.004320744113414111
48600 0.004680521491624993
48650 0.004810543172120331
48700 0.0045627923498895015
48750 0.00468943017439884
48800 0.004689222457406112
48850 0.004537608331867944
48900 0.0046616243562530415
48950 0.00466839989553766
49000 0.00450401933750722
49050 0.004493065937878491
49100 0.00475512076647945
49150 0.004435298369493512
49200 0.004587837777128726
49250 0.004411457924215786
49300 0.004618381815808052
49350 0.004814300324984766
49400 0.004417544881781227
49450 0.0048861354287038725
49500 0.0045244109103965615
49550 0.0046125667129026295
49600 0.004941805692695065
49650 0.004635852285526685
49700 0.004459182056272266
49750 0.0047146123561765665
49800 0.004611928514809272
49850 0.004963054696418835
49900 0.004591267167749443
49950 0.004905925728419694
50000 0.00442862067487755
