50 0.6716530920398479
100 0.2008255908999425
150 0.13197813519330884
200 0.114694560447006
250 0.09147139833050195
300 0.08473468653725956
350 0.04899607598862833
400 0.04775714669548006
450 0.051586609041979724
500 0.032238596780630596
550 0.03703017389620929
600 0.03630531028840838
650 0.031374762345181585
700 0.028173326173665345
750 0.02460929565760495
800 0.025273479739876453
850 0.023865315113188047
900 0.043014900079697084
950 0.022482791414770713
1000 0.019454967612101366
1050 0.017203975735830483
1100 0.02476659231803035
1150 0.01613014250194359
1200 0.01835620329885913
1250 0.017738636423868605
1300 0.016320798510555855
1350 0.014260132817278691
1400 0.014974973180464512
1450 0.013984421091852571
1500 0.02999857356344059
1550 0.013067911259269935
1600 0.011173721353935387
1650 0.01252145585195712
1700 0.020995212433597105
1750 0.02286398252993495
1800 0.011129633690163697
1850 0.01043956093426768
1900 0.009250305203257517
1950 0.011882057935674723
2000 0.029530785860251332
2050 0.012817690368534052
2100 0.010098214707632898
2150 0.00939898025613566
2200 0.00919706526006473
2250 0.009549979109776365
2300 0.02004533120482131
2350 0.009329731307837421
2400 0.009069039239080688
2450 0.009075813337287787
2500 0.008925547595515268
2550 0.009336216796378133
2600 0.04533073067140199
2650 0.007942005540240459
2700 0.007630117495836039
2750 0.007874856033262151
2800 0.03036589532949025
2850 0.009108071651964013
2900 0.00842567735428864
2950 0.007416038395435722
3000 0.04422798914789661
3050 0.01029258760044979
3100 0.007508343753795298
3150 0.007459627007301259
3200 0.19369717593706975
3250 0.01063460405967175
3300 0.007771330353543104
3350 0.008172005964688093
3400 0.006900648273111258
3450 0.006891873567950613
3500 0.007078687540855991
3550 0.006459285065579576
3600 0.006355767818542391
3650 0.006135569758367352
3700 0.02859600181502695
3750 0.006696797181033041
3800 0.006904487584317294
3850 0.00622815480546481
3900 0.010326490863923005
3950 0.01807208667452062
4000 0.005436662827633557
4050 0.006306938703645442
4100 0.006178707794540503
4150 0.020630721775614556
4200 0.008676954514509484
4250 0.006259124084431856
4300 0.005847696370281307
4350 0.04121834756440442
4400 0.006244882715722711
4450 0.005731563448737632
4500 0.005657841311963798
4550 0.0055131181993967274
4600 0.006199300467702088
4650 0.007811199975992157
4700 0.0050067797022153955
4750 0.005257134909273992
4800 0.0198835040926167
4850 0.005248833596008668
4900 0.004885761144037986
4950 0.0066414341365493255
5000 0.0045320581613485745
5050 0.004792668161580723
5100 0.0051080385664066495
5150 0.004867460326881765
5200 0.0050242015544185925
5250 0.004826452945364371
5300 0.004780044348750268
5350 0.0045199659689024105
5400 0.004671334444898514
5450 0.004650062568935823
5500 0.00431177029467222
5550 0.004474968769969473
5600 0.004543470614751469
5650 0.0042617177138334385
5700 0.004447793438087395
5750 0.00454048401398702
5800 0.004118761758554191
5850 0.004096809226180616
5900 0.0043823093627821455
5950 0.0042206829229065376
6000 0.004260777533235662
6050 0.004000553877290854
6100 0.004416496486232335
6150 0.003351263005910136
6200 0.004714582203485488
6250 0.009013037190784579
6300 0.003680043794895619
6350 0.0035764193339012057
6400 0.00959905741621827
6450 0.04749867158457536
6500 0.004902525151229864
6550 0.003631101128825718
6600 0.003809958561877021
6650 0.0063960444122431155
6700 0.004738112405739142
6750 0.004997411279695154
6800 0.008244443926637653
6850 0.004364555295555879
6900 0.04213246894796261
6950 0.003695205097313802
7000 0.003329766053497291
7050 0.003530553610346084
7100 0.021480047670341434
7150 0.0034954403066001275
7200 0.00387156382907157
7250 0.007522164783546052
7300 0.0038698013887604912
7350 0.003604344342506918
7400 0.00469754724506828
7450 0.0061113874113230245
7500 0.00338933243317873
7550 0.008464066547968468
7600 0.004369574347634153
7650 0.0032187537494674026
7700 0.0032225844963983752
7750 0.002963289385828414
7800 0.0031303154828553996
7850 0.0030157824116593605
7900 0.009267009268599736
7950 0.003962953755239505
8000 0.002889853034391773
8050 0.021040209300385665
8100 0.003032890222594524
8150 0.003045778735060475
8200 0.002886690680191915
8250 0.0030407218486793947
8300 0.007678829342601651
8350 0.003872620410090707
8400 0.0027067754588722646
8450 0.0026853060218367314
8500 0.006531864954568394
8550 0.017166246991639583
8600 0.003187996177961648
8650 0.00284865695246746
8700 0.0027172604856278986
8750 0.0024939009768122594
8800 0.0023957321117330337
8850 0.006834666721220117
8900 0.003328505403663446
8950 0.0027178836641494203
9000 0.0025213548849969264
9050 0.0024492217765221796
9100 0.002281288481599795
9150 0.007107877193363122
9200 0.0036594375090460486
9250 0.0025047516075485856
9300 0.0025289354077264324
9350 0.002376852661546473
9400 0.002231848872246591
9450 0.005506025125321791
9500 0.0074987226591810415
9550 0.002569623703739856
9600 0.0025041468710238243
9650 0.0024016632192272024
9700 0.0023897282806060825
9750 0.002234447635305222
9800 0.026169716600591163
9850 0.0028388858689078825
9900 0.002586782702524493
9950 0.002260298696983078
10000 0.002435247671517984
10050 0.0023817009664909594
10100 0.0023910255474969373
10150 0.0022418006014017127
10200 0.002185535527427588
10250 0.002248486259624961
10300 0.0022557801575253584
10350 0.0021687932268038192
10400 0.0021297001020413875
10450 0.0022218777363662576
10500 0.002169728130257317
10550 0.0021744769730065406
10600 0.0019815309145411295
10650 0.002078440525152794
10700 0.0020671635943085736
10750 0.00209547308757692
10800 0.002070858852662315
10850 0.0020270269095021987
10900 0.0020197850104705173
10950 0.0020415047589518766
11000 0.001978780554788825
11050 0.0018595206684282547
11100 0.0020970168530140016
11150 0.0018076385423972134
11200 0.0019450153032287698
11250 0.0020050012432914145
11300 0.002014257681683506
11350 0.0026910039613008423
11400 0.007703761788476481
11450 0.0030807109438072936
11500 0.002038466158990035
11550 0.004572768511081141
11600 0.002120035914516322
11650 0.0020199050380741
11700 0.001708609132981218
11750 0.0018505029192337256
11800 0.002093255223902716
11850 0.012247229749327074
11900 0.003406683189847387
11950 0.009406232604119756
12000 0.0018570843088456823
12050 0.001746940062567205
12100 0.0034258192128107526
12150 0.002142584244326639
12200 0.002930661154957525
12250 0.0017145892989155662
12300 0.0064680877840883515
12350 0.005111726962473323
12400 0.0017927421771628774
12450 0.031370385220021994
12500 0.002666065732044875
12550 0.0016304845011071874
12600 0.0015923896231660071
12650 0.0020501630380499107
12700 0.005596091723700318
12750 0.0018911739706807455
12800 0.0022962962801149935
12850 0.004949952115410084
12900 0.0017565532653507248
12950 0.00976545862933961
13000 0.0016461244391526408
13050 0.0015590122138623872
13100 0.0015981349937099776
13150 0.0016220932138369302
13200 0.0016024583849246783
13250 0.007038259434565883
13300 0.0016370842394277444
13350 0.0016625122284560376
13400 0.009087084405733319
13450 0.0018108565106711076
13500 0.0015333392302917883
13550 0.0015641130612397264
13600 0.001505498444636463
13650 0.0017285480743576896
13700 0.002662385559443586
13750 0.0017392259355343163
13800 0.0015245881864416864
13850 0.004978968116328922
13900 0.003186244118927959
13950 0.0014945733750826808
14000 0.0016170013146187205
14050 0.0028634884109242937
14100 0.0014778744180794494
14150 0.0036388010305799024
14200 0.0032918735811602574
14250 0.0026471502126433496
14300 0.001841529070982916
14350 0.0037153920751853654
14400 0.003183364980838339
14450 0.0014252787976802826
14500 0.009591980870039409
14550 0.0021439709235294723
14600 0.001718584614024911
14650 0.0077784798470235126
14700 0.007063607022405695
14750 0.01134155782879704
14800 0.0013926411306603317
14850 0.009947810484641256
14900 0.0015728864661966769
14950 0.02794244200648192
15000 0.0016547733741793312
15050 0.0014412366229100712
15100 0.0014093399093644612
15150 0.0013724116837107703
15200 0.0014761765359213837
15250 0.0014012842489960027
15300 0.0014209067506853502
15350 0.0013540909247798467
15400 0.0014417723003220984
15450 0.001445086111837745
15500 0.0014073384710542702
15550 0.001411549922805318
15600 0.001349601112738626
15650 0.0015146504270143872
15700 0.0014323008684162663
15750 0.0014618347077922007
15800 0.0013850865609192828
15850 0.0013574407861848964
15900 0.0013864743184973751
15950 0.0014808732423510138
16000 0.001360123270679054
16050 0.0014333917382161237
16100 0.0014423562749843303
16150 0.0013447454024761848
16200 0.0013368157782206102
16250 0.0014880724442779432
16300 0.0014868971942193106
16350 0.001419715138708272
16400 0.0013776712831156262
16450 0.0014251970965642492
16500 0.002655324311727822
16550 0.00134729860400869
16600 0.0027271453201473325
16650 0.0013335662495217982
16700 0.0021128937324637453
16750 0.0031202081736347335
16800 0.0013728624926294013
16850 0.0012877747169898715
16900 0.0013256117131069513
16950 0.003196927112970703
17000 0.0012988428707343186
17050 0.001272548472200218
17100 0.0013194261556755123
17150 0.0026130556871780133
17200 0.0013356077508841478
17250 0.0013433539827248878
17300 0.0014588594113673955
17350 0.002866129659113571
17400 0.001227289677999175
17450 0.002306720223158081
17500 0.0014798665695473603
17550 0.001396927156190201
17600 0.002239609876355458
17650 0.001303299379702757
17700 0.0012595433194808783
17750 0.001233622078372309
17800 0.001195404982132257
17850 0.0058466608613382065
17900 0.001196395988347935
17950 0.0012784589719481159
18000 0.0012856075337452759
18050 0.0012362973659042018
18100 0.0011862245121979508
18150 0.006483914988649718
18200 0.0011579340959361503
18250 0.00800883310915569
18300 0.0013573707942609546
18350 0.0012315103159487876
18400 0.0013566146242667062
18450 0.00533737320141771
18500 0.0013980478544673664
18550 0.0013909465644236167
18600 0.0012369951218940108
18650 0.0012354509965203544
18700 0.0027691011764834047
18750 0.0013307013196262702
18800 0.0011726619640529273
18850 0.002734459672344779
18900 0.0021258684630848955
18950 0.0017383970701083042
19000 0.0012792100204757834
19050 0.0012605526131986115
19100 0.001694717574783391
19150 0.0015186823095900332
19200 0.0014118901394875446
19250 0.004900684581650839
19300 0.001145249572850277
19350 0.0012304855852705943
19400 0.0012234155671032693
19450 0.001700452539050672
19500 0.004712735920712465
19550 0.0011700796316340945
19600 0.0027952830215766445
19650 0.0012337027482977182
19700 0.001150149321761709
19750 0.0033049434831807292
19800 0.0010692940679350017
19850 0.0011530093846269336
19900 0.0011502162413202447
19950 0.0013340963367908679
20000 0.007169312161194338
20050 0.001393644166636839
20100 0.0011306535784499604
20150 0.0010989546280472733
20200 0.0012070496953679192
20250 0.0011312044975723605
20300 0.001093619113688421
20350 0.0011362854916030015
20400 0.0012464851143327816
20450 0.0011611896658251402
20500 0.0012587296851807694
20550 0.0012630386764488676
20600 0.0011843501364899507
20650 0.001197526596368436
20700 0.001246166874090943
20750 0.0011831396691475535
20800 0.0012367827603617083
20850 0.0011772488866539177
20900 0.0011944036116309465
20950 0.0012029644381734966
21000 0.001191971600416334
21050 0.001228095779838155
21100 0.0011135360939921852
21150 0.0011322964664745572
21200 0.0013365283625589217
21250 0.0011069026847554946
21300 0.0011519147715736441
21350 0.0010505040953738265
21400 0.001083269421211219
21450 0.0023394104581397302
21500 0.0011805836745761244
21550 0.0019239038969525745
21600 0.0011121696947024
21650 0.0011893824812071621
21700 0.001287124894536626
21750 0.0011646146432018223
21800 0.0021335681238538683
21850 0.001585014028783052
21900 0.0011044346028404278
21950 0.001303154258704531
22000 0.003051496871319377
22050 0.001079928041794345
22100 0.0010099594603893542
22150 0.0010969890935008345
22200 0.0018154007200549326
22250 0.0015834454764040342
22300 0.0012457485220439127
22350 0.0014979929567473455
22400 0.0010119520370948118
22450 0.0011860009513589313
22500 0.001059249066104293
22550 0.001107058976716814
22600 0.0012127733750172905
22650 0.00121727445077316
22700 0.0012443563775544522
22750 0.001761710183825664
22800 0.0012220930324905632
22850 0.0012390484483114086
22900 0.0010509693476077966
22950 0.0024242920264337625
23000 0.0012877079165056445
23050 0.0016874320257968217
23100 0.003788052403823743
23150 0.0009887431222230852
23200 0.0011047069102635375
23250 0.0011132557893731231
23300 0.0011499403169268735
23350 0.0010371123072770365
23400 0.0012803726724006867
23450 0.0065615677459927284
23500 0.0013208410936975
23550 0.0011360876335909233
23600 0.0010971767796742575
23650 0.0011320258193492402
23700 0.0011331034430239963
23750 0.00412151409337928
23800 0.0012984038101531358
23850 0.001043428483908734
23900 0.0017036311693515878
23950 0.001495395040918104
24000 0.0011393186782005234
24050 0.003882591850896387
24100 0.0011362780042210845
24150 0.001026527297339642
24200 0.001503827542357849
24250 0.000986484240406378
24300 0.00498481569589392
24350 0.000990611536855243
24400 0.0012119240329793743
24450 0.0010888344880359145
24500 0.0015783994660667697
24550 0.0010685051660597937
24600 0.0013260092960569146
24650 0.0025943040455922977
24700 0.0015172280088999043
24750 0.0009693193093496277
24800 0.0015321851624828355
24850 0.0010151481591841578
24900 0.0011692355239603723
24950 0.000997434041948823
25000 0.0012765906201318183
25050 0.0010665411306876327
25100 0.0011538134142245302
25150 0.0010979903415154685
25200 0.0011276557509086551
25250 0.0010985909424343439
25300 0.0010800671326193034
25350 0.0010524860418631224
25400 0.0010627721426606119
25450 0.0010049369798433587
25500 0.0010631290896436626
25550 0.0010820200089694417
25600 0.001118164903426633
25650 0.0010523496473257414
25700 0.0010459002525409606
25750 0.0010398216013913079
25800 0.0011171708659191866
25850 0.001089815768894897
25900 0.0010784411610949875
25950 0.0010859177861922609
26000 0.0010204026976692391
26050 0.0011028391826079385
26100 0.0012128340298564856
26150 0.0011518424019769972
26200 0.0011075824841320244
26250 0.001031312787854174
26300 0.0011124265419558054
26350 0.0010293217926693318
26400 0.0030154107446803084
26450 0.0012016548397085778
26500 0.001108463879660073
26550 0.001325029244875843
26600 0.0013222667410723295
26650 0.0011087595397347098
26700 0.0010272956804476257
26750 0.0010741273086042641
26800 0.0012995813608085208
26850 0.0009598092338482277
26900 0.0010659540897311577
26950 0.0010131999089788458
27000 0.0021080392726785502
27050 0.0010579041524848712
27100 0.0010284797763253594
27150 0.0010095610061603636
27200 0.0014486103240453922
27250 0.0012004468255153301
27300 0.0011231201790875055
27350 0.0010038442805599143
27400 0.0012036571203341972
27450 0.0011000574992283008
27500 0.000997975056288031
27550 0.0009358493550935624
27600 0.0009472331512614316
27650 0.0011902314850658158
27700 0.0012302317094291231
27750 0.0009871402387497477
27800 0.0010667742657138042
27850 0.0011669013731253981
27900 0.0012671104285168586
27950 0.0009429688270495985
28000 0.0021402926110568004
28050 0.001340187066693543
28100 0.0010171372523204675
28150 0.0009547151970531957
28200 0.0011832818912780212
28250 0.0019581595078583913
28300 0.0014810650696374477
28350 0.001068608508013089
28400 0.0013364915645203423
28450 0.002295823596252393
28500 0.0010173189641717781
28550 0.0010251590823545504
28600 0.0011194511560405434
28650 0.0009339256642673524
28700 0.0010568714117311796
28750 0.003237053541526372
28800 0.0011341512805893028
28850 0.0010067274176433368
28900 0.0008754859011633434
28950 0.0017493900742567988
29000 0.0010500941189414506
29050 0.0009069606877299289
29100 0.0013453188776373656
29150 0.002303094222467526
29200 0.001049840399965724
29250 0.0012078288517402493
29300 0.001002826986853304
29350 0.0014600499173590654
29400 0.0009662467612977868
29450 0.0014021360842704374
29500 0.001183141123524078
29550 0.0012556238901176764
29600 0.0012099130553101776
29650 0.002349443427760765
29700 0.0010805864116905154
29750 0.001010907869272063
29800 0.0011081009798540457
29850 0.0011601350083422141
29900 0.0011639751149322506
29950 0.0009900244930894908
30000 0.0010617411207597684
30050 0.0009840132607710085
30100 0.0010215076017161637
30150 0.0011095796239975985
30200 0.0010801156636603886
30250 0.0011180196801015834
30300 0.0010605048402762291
30350 0.0010234045745680788
30400 0.000985678401014118
30450 0.0010203226161147614
30500 0.0010036952418121933
30550 0.0010360740748482891
30600 0.001001570854918052
30650 0.0009380852472203983
30700 0.001044958347405383
30750 0.0010088765676050213
30800 0.000995329411523433
30850 0.0010857438363592589
30900 0.001003677976250267
30950 0.00099594676648302
31000 0.0009747355737194162
31050 0.0011005448562289505
31100 0.001026389648269817
31150 0.0009754083046106477
31200 0.0009935635979796374
31250 0.0010387691844667643
31300 0.0009862772577880763
31350 0.001040122657085881
31400 0.0010146666434851538
31450 0.0008931254730954232
31500 0.0010251767916669267
31550 0.0015977836032017411
31600 0.0009251167303177472
31650 0.0009262624616269253
31700 0.0009275197363719108
31750 0.001288334678409414
31800 0.0013560373988186834
31850 0.001130075144118979
31900 0.0012611465438056605
31950 0.0011808914056901636
32000 0.001091430788588702
32050 0.0009730929303420462
32100 0.0008561833591680931
32150 0.0012910056667410073
32200 0.0009923308731961224
32250 0.0011329881208962127
32300 0.001203239090145048
32350 0.0009660120457876786
32400 0.0009291217318522418
32450 0.0010522502874657595
32500 0.0009248598666479886
32550 0.0009336176805479058
32600 0.0009139511331452448
32650 0.0011244150529497788
32700 0.0010001073081532422
32750 0.0010939386439112768
32800 0.0009257479244328591
32850 0.0010955838201028181
32900 0.0011259688476954021
32950 0.0010813413029741063
33000 0.001068300886698684
33050 0.0008826855908441955
33100 0.0009046718219910033
33150 0.0009136225796584314
33200 0.0009451323988094323
33250 0.0017967815936235807
33300 0.0009799351583623678
33350 0.0009073082067229548
33400 0.00090303160495744
33450 0.0009966970047885794
33500 0.0009801005441060855
33550 0.0008595953042082975
33600 0.000890695728705228
33650 0.0008343796522765593
33700 0.0010629030926651687
33750 0.0009441714705891058
33800 0.0010198207362077127
33850 0.0009236632049539255
33900 0.001111740567834339
33950 0.001016323318651245
34000 0.0009045781856147298
34050 0.001325927886365019
34100 0.0010202016800286244
34150 0.000912105896714875
34200 0.0010743703209741158
34250 0.0008708274440689401
34300 0.0011180971677099522
34350 0.0010509358490809397
34400 0.0010589129822757947
34450 0.001283212028320701
34500 0.0010980150637730738
34550 0.0009351203584768049
34600 0.0010428017492757676
34650 0.000935124200847055
34700 0.000986065487951453
34750 0.0009819371802482766
34800 0.0009724509683928398
34850 0.0008969624750401522
34900 0.0011617263294683505
34950 0.0009903450271666018
35000 0.0009368750392596047
35050 0.0009639258685413158
35100 0.0010525463065055476
35150 0.0008936602493472751
35200 0.0009690688345327561
35250 0.0009645824660208127
35300 0.0009309024780603169
35350 0.0008989949016185693
35400 0.0009512552606425189
35450 0.0009580017831748058
35500 0.0009376135847087001
35550 0.000949573532869562
35600 0.0009265269372422334
35650 0.0009591152231024671
35700 0.0009132073491882001
35750 0.0009534068531180177
35800 0.000938873040614682
35850 0.0008815375762568403
35900 0.0009240522312864874
35950 0.0010059098228461195
36000 0.0009550547685634812
36050 0.000980906043952362
36100 0.0009076835946087811
36150 0.0009627265608110813
36200 0.0009793975207038968
36250 0.0010747839253618845
36300 0.00092002113621998
36350 0.0009190773145600365
36400 0.0010010575634885098
36450 0.000978083355772346
36500 0.0008480998331710564
36550 0.0008574060623265084
36600 0.0009613166019916668
36650 0.0008333832284356702
36700 0.0010007912088653163
36750 0.0008707743247272497
36800 0.0009259297528493612
36850 0.0009334299736605584
36900 0.0009516179867858502
36950 0.0009619142379409058
37000 0.0008672439662652445
37050 0.0008382497002098668
37100 0.0009450584596859895
37150 0.001097815364944123
37200 0.0008788556041025614
37250 0.000991585451562593
37300 0.0008631587113300282
37350 0.0010150842423764673
37400 0.0009568698851983563
37450 0.0008902384886191703
37500 0.0010057624311962535
37550 0.0008252323944900716
37600 0.0009060786896786213
37650 0.0010100763890010102
37700 0.0009097135646855594
37750 0.0010080616704810578
37800 0.0009390370972392432
37850 0.0009942518744043972
37900 0.000873264496511025
37950 0.0009283114900315425
38000 0.0009270146272027354
38050 0.0008169400682790821
38100 0.001039583958735656
38150 0.0008651174506259209
38200 0.0008731781681560768
38250 0.0009370391111146744
38300 0.000819035212749741
38350 0.0010174362322706596
38400 0.0009633069896550652
38450 0.0008900668366100661
38500 0.0010022803774059445
38550 0.0009400133148431473
38600 0.0008700050175298352
38650 0.0009431259556720398
38700 0.0010049037553791292
38750 0.0010970010509099878
38800 0.0011328322728073141
38850 0.0009868236287802518
38900 0.0009263710200533497
38950 0.0009996586680871462
39000 0.0010420205808519595
39050 0.0009778544765864999
39100 0.0009212514578202873
39150 0.0009615045480200975
39200 0.0008968468173380007
39250 0.0011801145475947572
39300 0.0009575830509916753
39350 0.0008526615717439985
39400 0.001001985655308973
39450 0.0009921757375916291
39500 0.0008532570188231017
39550 0.0009303281997814246
39600 0.0009718136597427262
39650 0.0008115125800084762
39700 0.0007983314034897201
39750 0.0009330638327042589
39800 0.0007794043259016614
39850 0.000866417427916187
39900 0.0008784035212673982
39950 0.0008988721241115033
40000 0.0008701089669170867
40050 0.0009724852453067487
40100 0.0008973273011235149
40150 0.0009737234046527957
40200 0.0009193120109390823
40250 0.0009616783930536443
40300 0.0008648467261437593
40350 0.0008975789759989057
40400 0.0009695824026989141
40450 0.0009256505631534773
40500 0.0009421019568441753
40550 0.0009757946200917127
40600 0.0009231264977598131
40650 0.0009569331599757285
40700 0.0008908096587082539
40750 0.0009231397081771281
40800 0.0009493037443518093
40850 0.0009426552836594177
40900 0.0009210560402660606
40950 0.0009571947238260887
41000 0.0008991680597186819
41050 0.0009862408182308984
41100 0.000936588208827901
41150 0.001001789935588522
41200 0.0009216516639976236
41250 0.0009201919685070773
41300 0.0009189246474429511
41350 0.0009149050969267008
41400 0.0009222011301665422
41450 0.0009833860420780441
41500 0.0009078321604330131
41550 0.0008960061525441054
41600 0.0009285341456732486
41650 0.0009914879121504675
41700 0.0009246080311232196
41750 0.0009376163295615137
41800 0.0008834601771110811
41850 0.0009532157491272944
41900 0.0008185311691963199
41950 0.0009683459819711231
42000 0.0009200909168360392
42050 0.0008632191496717813
42100 0.0009490392508191209
42150 0.0009558622265475156
42200 0.0009497380634006342
42250 0.0009457787497135134
42300 0.0008888464378681748
42350 0.0008796374518394903
42400 0.0009992345241785663
42450 0.001029844678855874
42500 0.000917577196773009
42550 0.0009493028397675188
42600 0.0010580741049357096
42650 0.0009080469176547969
42700 0.0009525053907097026
42750 0.0010051176415834366
42800 0.0009126903540530704
42850 0.000943997610384498
42900 0.0008752881392150979
42950 0.0009368799549112745
43000 0.0009002147518487947
43050 0.0008556244631005927
43100 0.0008057615467923296
43150 0.0009097917744595645
43200 0.0010038130868458381
43250 0.0009254363066941686
43300 0.0009993193347338622
43350 0.000874383201015379
43400 0.0009423908985372694
43450 0.0009065778942550753
43500 0.0009110660487839155
43550 0.0008644909182344032
43600 0.0009032108987569129
43650 0.0009945998256722375
43700 0.0009867285202590794
43750 0.0009922396168890435
43800 0.0009389986677707587
43850 0.000930165717025795
43900 0.0008261435176449649
43950 0.0009267414022174926
44000 0.0009565507805886766
44050 0.000868830165332511
44100 0.0008660149800990487
44150 0.0010089307430844606
44200 0.0009564221459480954
44250 0.0009760259883276172
44300 0.0009456769138673053
44350 0.0009150295283621483
44400 0.0008693302483350644
44450 0.0009071985109528818
44500 0.0008465984241756211
44550 0.0009534956532351453
44600 0.0009016626923344705
44650 0.0009301917955852569
44700 0.000960131129533861
44750 0.0008678068356568128
44800 0.000864678258263844
44850 0.0008999468979756582
44900 0.0009043650304755482
44950 0.0009900875326037187
45000 0.0009729176921140818
45050 0.0010002419407679863
45100 0.0008999993186240464
45150 0.0009339996984033405
45200 0.000939500995105208
45250 0.0008940945831596845
45300 0.0009271459145437425
45350 0.000895058350405045
45400 0.0009330162805338941
45450 0.0008622718373796356
45500 0.0009235057723115724
45550 0.0009018098162875307
45600 0.0008465881765232328
45650 0.0009223524136888199
45700 0.0010448866451228688
45750 0.0009381046210941733
45800 0.0008396138281851354
45850 0.0009102148825415266
45900 0.0008422321493196281
45950 0.00088583250579454
46000 0.000889187807315142
46050 0.0008906894745604667
46100 0.0009146046044141171
46150 0.0009053107149476184
46200 0.0009174248085929079
46250 0.0008975490759383743
46300 0.0008626093141079964
46350 0.0009105036871328705
46400 0.0009211937549348142
46450 0.0008758190865163832
46500 0.0009178094723421674
46550 0.0009130159086191995
46600 0.0008980097741510309
46650 0.00098998871371836
46700 0.0009761756423086178
46750 0.0009012115214568619
46800 0.0009505779180694037
46850 0.0008522223233381536
46900 0.0008307722635012626
46950 0.0008667173094896813
47000 0.0008664711517241574
47050 0.0008989509297852186
47100 0.0009907935836776054
47150 0.0009576048709760315
47200 0.0008751289107364389
47250 0.0008796473137451064
47300 0.0008517854459616205
47350 0.001006225137810672
47400 0.000880513384810356
47450 0.0008783564471510031
47500 0.0009483860011199928
47550 0.000918744644378298
47600 0.0009255035690864902
47650 0.0009390035000682775
47700 0.0009109944814398219
47750 0.000831903536249324
47800 0.0009194345186298796
47850 0.0008751173113941506
47900 0.0008704143648902747
47950 0.0008170352890131884
48000 0.0008993928616748063
48050 0.0009126796704835026
48100 0.000985265819847837
48150 0.0009135976278160143
48200 0.0008301307192441948
48250 0.0009071444494275113
48300 0.0008968172467741186
48350 0.0009215054007291259
48400 0.0010119683083258738
48450 0.0009088599609045602
48500 0.0009127195210668002
48550 0.0008953681072010031
48600 0.0009305380849153129
48650 0.0008657111473113905
48700 0.0008549816725867519
48750 0.0008193596810086775
48800 0.0009457984055287343
48850 0.00077536492308137
48900 0.0009570852295107642
48950 0.0009062229330664741
49000 0.000883816194235929
49050 0.0009379091455889338
49100 0.0008364866618932256
49150 0.0008925153860445448
49200 0.0009332702110311418
49250 0.0009383987353143018
49300 0.0009269496716927967
49350 0.0009154632284076995
49400 0.0008643217298210783
49450 0.000903040186344052
49500 0.0009251785864509683
49550 0.0009219087778106442
49600 0.0008623013630063686
49650 0.0009440424200001402
49700 0.0008645250972938897
49750 0.0009239190535506507
49800 0.0009160991871332868
49850 0.0008525407316657801
49900 0.0008985864519758219
49950 0.0009537498580992274
50000 0.0008881147442900979
