50 0.3157883727324247
100 0.19200422815874305
150 0.1801347330082459
200 0.13672853707496696
250 0.1319488073107187
300 0.12114936383872657
350 0.09334779360505227
400 0.08264979981623112
450 0.07269125312254258
500 0.0666007906689329
550 0.06664203700406911
600 0.05588728997177655
650 0.043866755710306016
700 0.040410537120215535
750 0.03465480631401396
800 0.060405293678248574
850 0.02317890344233487
900 0.018454421507918636
950 0.016480707149639878
1000 0.01430830246124527
1050 0.016369095908440677
1100 0.04402914698774594
1150 0.015407140018555194
1200 0.015005349682956077
1250 0.011827366860910744
1300 0.017555701998635174
1350 0.013982032046033115
1400 0.013870310126407895
1450 0.048631442896100344
1500 0.015161166704479642
1550 0.013563578389400484
1600 0.013046926430372098
1650 0.011720035207850523
1700 0.035182063992326186
1750 0.0152885835141182
1800 0.025771269226711947
1850 0.012885577421686181
1900 0.011587957765861495
1950 0.011242756819999955
2000 0.03172073899278544
2050 0.012075039055858388
2100 0.012281814091208718
2150 0.012633821933548499
2200 0.0218557664949045
2250 0.019489589266778864
2300 0.011811980644121516
2350 0.012227785718739947
2400 0.014932249842772565
2450 0.01265183765753264
2500 0.012649897290983812
2550 0.05170780632216892
2600 0.012348446501246495
2650 0.012537576397679752
2700 0.011325764155245263
2750 0.01190350847480727
2800 0.09438653054430034
2850 0.011119015049496524
2900 0.011486789834353365
2950 0.013102381986994871
3000 0.01312625408621318
3050 0.08982098786921926
3100 0.011907748326965078
3150 0.012382472150805719
3200 0.011710516013132331
3250 0.011547167269790973
3300 0.012159645490481886
3350 0.06214958568519709
3400 0.014104417187248018
3450 0.011696853219769968
3500 0.04826438781971976
3550 0.011497720872882807
3600 0.03737844607031875
3650 0.01275639970515853
3700 0.011645914632953565
3750 0.01686561220043111
3800 0.012679579169175708
3850 0.012574813507021713
3900 0.012728155512866862
3950 0.012279246913403938
4000 0.09515203576582
4050 0.010943665419608267
4100 0.011551759537847081
4150 0.017729178722799502
4200 0.023796580934566377
4250 0.012846448405559993
4300 0.012609768962109016
4350 0.011332288683837951
4400 0.01185947701072308
4450 0.012087491328827948
4500 0.10425130610758825
4550 0.015935115406140152
4600 0.011988588542381747
4650 0.011602102207379431
4700 0.011451342002472062
4750 0.010820947628848302
4800 0.03910908531673092
4850 0.011550409190486463
4900 0.012464734952189438
4950 0.01177448620725184
5000 0.012211525262574194
5050 0.011307344380123728
5100 0.010786295638930765
5150 0.01090850928842802
5200 0.011065196400363849
5250 0.009995458408649462
5300 0.010992059893613295
5350 0.010146003834326988
5400 0.010903033144171083
5450 0.010799931952992255
5500 0.010033697401904327
5550 0.010496916260024514
5600 0.010309686199294826
5650 0.010202378059143348
5700 0.011085304502793013
5750 0.009976594872148775
5800 0.010208352958719353
5850 0.009134819287609982
5900 0.01083485828809732
5950 0.010207474790721613
6000 0.009726127500370975
6050 0.009779195569287285
6100 0.010836920778568484
6150 0.009195142012157457
6200 0.009500110975867436
6250 0.008511470048367316
6300 0.011043763574050134
6350 0.012812897317926864
6400 0.00890925536024322
6450 0.008984389229790548
6500 0.009799378521036852
6550 0.018891856198191906
6600 0.009567897862439835
6650 0.009087607505533545
6700 0.015131391383148948
6750 0.008267918757451151
6800 0.008538127552924442
6850 0.00914629067495423
6900 0.009041455729142422
6950 0.008435172349765227
7000 0.009044162147045955
7050 0.008391770188906092
7100 0.00904208013419536
7150 0.03198164791607706
7200 0.009356519237395989
7250 0.009267478714179357
7300 0.03150661017786052
7350 0.00820716075447194
7400 0.006481920810777725
7450 0.00795405619398343
7500 0.007739597154591433
7550 0.011146141494532679
7600 0.03305387228854127
7650 0.010982108302918743
7700 0.008302973537047214
7750 0.00573203750500412
7800 0.006882537489594435
7850 0.00824110365902897
7900 0.05398179004355879
7950 0.007936319875054991
8000 0.009049636036613618
8050 0.008056826782060322
8100 0.006517601816829688
8150 0.00573397333204274
8200 0.008499641672512263
8250 0.020933815809776293
8300 0.007998577901700965
8350 0.007253527351706939
8400 0.007733220057763502
8450 0.018131262554875165
8500 0.008877232034463983
8550 0.007857396723462189
8600 0.007812257816269936
8650 0.007958416131760342
8700 0.0075490721430879525
8750 0.00765072346776861
8800 0.007245619954466851
8850 0.010367103228800047
8900 0.005976435656217429
8950 0.007505022571936617
9000 0.007065620346004427
9050 0.007923347687111627
9100 0.011920113921901579
9150 0.013053688798770524
9200 0.00945427889368418
9250 0.013923692740498131
9300 0.0073328225726446705
9350 0.017712785805930317
9400 0.008510015191246435
9450 0.006687910826717102
9500 0.044853346426488874
9550 0.0056160049356276465
9600 0.006956394521603064
9650 0.027930385657581512
9700 0.0068655741582547255
9750 0.006666028221964896
9800 0.007540333825429617
9850 0.00569367663913975
9900 0.01861071124343805
9950 0.00665517952633326
10000 0.006572247213033244
10050 0.007016903373086807
10100 0.00704148100737427
10150 0.006464189116468782
10200 0.006219134101462828
10250 0.006641490557635317
10300 0.006246604105686629
10350 0.006834816654256366
10400 0.006481111610824929
10450 0.00650960519764684
10500 0.006370718152540984
10550 0.0061841365291626215
10600 0.006539046929361758
10650 0.006604073986139451
10700 0.006266551406502886
10750 0.006534661047590556
10800 0.006525290770941994
10850 0.006527944897434736
10900 0.006293758265235684
10950 0.006154409738302573
11000 0.005849332655327276
11050 0.005830942266449111
11100 0.006173067607362793
11150 0.006043868764598162
11200 0.0058994979242397915
11250 0.0057265940796175
11300 0.006332708875815625
11350 0.007026750381277352
11400 0.0042558854139761225
11450 0.004965606073587871
11500 0.004507660807107843
11550 0.007589833750414184
11600 0.004972398494862313
11650 0.013822745076842743
11700 0.0037655377040156533
11750 0.007338127479744081
11800 0.008913465461608067
11850 0.005764345781431268
11900 0.0065684505371508125
11950 0.0036800118646213745
12000 0.0055074859603654915
12050 0.014188196728258233
12100 0.005750642269301485
12150 0.006568787724706871
12200 0.0039931581368274
12250 0.004516563613398137
12300 0.0034536124527523044
12350 0.006101731238269264
12400 0.005752667797318919
12450 0.010026019174867434
12500 0.00496103327014123
12550 0.005142810077804164
12600 0.004830963157048882
12650 0.00425832266306799
12700 0.005392258867738173
12750 0.004694025678598437
12800 0.004625083484947489
12850 0.004566077230653543
12900 0.004655639487537874
12950 0.00524922186951513
13000 0.009183476060275869
13050 0.0071074555205389465
13100 0.0036589359901166136
13150 0.004567199635540529
13200 0.018338144199634764
13250 0.003472464615205575
13300 0.004402769585001985
13350 0.004634518198253993
13400 0.004485396486642248
13450 0.0030533263013704875
13500 0.004433201429659742
13550 0.023156766292081982
13600 0.003358874944089923
13650 0.003148728557523671
13700 0.006661926721373204
13750 0.004454779118849587
13800 0.0034970320438013187
13850 0.004381513587117145
13900 0.0041177652150722445
13950 0.003972328406071822
14000 0.009032875412517643
14050 0.005606836205617426
14100 0.005897012019556644
14150 0.0048129063737625735
14200 0.0044200772831251844
14250 0.011335897274009321
14300 0.002669219074295218
14350 0.004162750789954033
14400 0.0038454378903125053
14450 0.009868498850875363
14500 0.0040666546346745025
14550 0.0037702890794042094
14600 0.003915612771474335
14650 0.0038722654858841486
14700 0.022963119763664035
14750 0.003406254155609991
14800 0.003881636562475162
14850 0.003649159510745742
14900 0.0034313235043681293
14950 0.00906001592386834
15000 0.003915514096584513
15050 0.0036922055899475544
15100 0.0036500471158606987
15150 0.00339754489028558
15200 0.003606573533684763
15250 0.003728565351899028
15300 0.0037918576781931675
15350 0.0034739178604472616
15400 0.0036238150124445357
15450 0.0037347407963461126
15500 0.003565102441996104
15550 0.0035527385313772167
15600 0.003518211840670278
15650 0.0037657084950589942
15700 0.0034959123289079134
15750 0.003548312165273621
15800 0.003629113795190704
15850 0.0034174175063090228
15900 0.003795954719132584
15950 0.0034436336782518308
16000 0.0035808049435982043
16050 0.003651592311649887
16100 0.0032232135858787855
16150 0.003434181307583377
16200 0.003425183834275248
16250 0.003338421406694549
16300 0.0033630186957985552
16350 0.003157238410032186
16400 0.003041071818999402
16450 0.005772978065570968
16500 0.004638546833950338
16550 0.0030264908801696196
16600 0.0035434867064605916
16650 0.010429204037790898
16700 0.0034649991034134573
16750 0.003258514796185788
16800 0.002627183574043037
16850 0.0023874257626646
16900 0.0030466242892368814
16950 0.002992652117164086
17000 0.0035362031457953865
17050 0.002641551871626475
17100 0.003150742055211745
17150 0.003008360222428372
17200 0.003240793973978535
17250 0.003580825336213054
17300 0.004323230008135762
17350 0.0027479042189604503
17400 0.003180180828403328
17450 0.0029406714597823157
17500 0.0035510999794618656
17550 0.0034751345597379157
17600 0.002707124646969501
17650 0.0027769589957844704
17700 0.0030839680991063415
17750 0.0029242126888388282
17800 0.003272937424372404
17850 0.013649326438694457
17900 0.00285131884801951
17950 0.0028589926049232563
18000 0.0027116722731428517
18050 0.008175718152614803
18100 0.003570635951463385
18150 0.0021942366853275118
18200 0.005117210562683209
18250 0.0028988210472722224
18300 0.0025513694451911035
18350 0.004074862096506687
18400 0.0030067068452865127
18450 0.004766186587770284
18500 0.003149838212370227
18550 0.002866969103290169
18600 0.0025797847031942805
18650 0.009856739599779733
18700 0.0032217712434641386
18750 0.0028956211953707193
18800 0.0022476445608968177
18850 0.009890554580316091
18900 0.0029868506753055555
18950 0.0043774375518046745
19000 0.002690430267860929
19050 0.00860722326460153
19100 0.003238537216121855
19150 0.002128642369596022
19200 0.0066803246230157905
19250 0.002747562744632704
19300 0.0023929800456541817
19350 0.0026738990092303417
19400 0.002478730477352472
19450 0.005542745534538642
19500 0.002752882831103993
19550 0.002666174650883432
19600 0.012661385679109105
19650 0.00309942274943755
19700 0.0025354122716729406
19750 0.0034338974842891687
19800 0.0027924599829123376
19850 0.0026930463334333024
19900 0.0021457915409428302
19950 0.0028079953542397675
20000 0.002693530362423166
20050 0.002466492876831054
20100 0.0026230769475177576
20150 0.0023214635183509543
20200 0.0024419615217680293
20250 0.0026071709617230066
20300 0.0022435077817984646
20350 0.0025526174300611218
20400 0.0024501912562492
20450 0.0024047261159721076
20500 0.0024708542189715403
20550 0.002471363232803173
20600 0.002532106859656306
20650 0.0025658178172870516
20700 0.002676918766671554
20750 0.0023959957866716204
20800 0.0023407395106953676
20850 0.002403670932267647
20900 0.0024370943485576037
20950 0.0024579521311878286
21000 0.0025748515911120803
21050 0.0024469637081127584
21100 0.002387095436620864
21150 0.0024226139608985488
21200 0.002422318689388204
21250 0.002399131955185423
21300 0.0023265152667244896
21350 0.002358605651299221
21400 0.00237379726495467
21450 0.0025580559652668153
21500 0.0018904197801130516
21550 0.002689656786911432
21600 0.002295915342392359
21650 0.001946295352541367
21700 0.0020122568043490917
21750 0.002648496329634534
21800 0.004480389860654748
21850 0.002557469429621124
21900 0.002993397462823063
21950 0.0020016206823363814
22000 0.0022938148000717306
22050 0.0018253987517453532
22100 0.0023995174348791196
22150 0.00357126423900172
22200 0.0024011875818831453
22250 0.002253680943115392
22300 0.0020727619046881423
22350 0.0035112752571299995
22400 0.0026070518458381807
22450 0.0021066528807949622
22500 0.005954172019021249
22550 0.0022273301951791446
22600 0.0020510724815043825
22650 0.003747572473891716
22700 0.0021936667353586593
22750 0.0026786066626251935
22800 0.0022839127434080763
22850 0.0018115831122458466
22900 0.0039007078706130216
22950 0.0034823983988263706
23000 0.0020893569394925546
23050 0.0020783643169517084
23100 0.0021271701933469347
23150 0.0032310149935077864
23200 0.0021323646425722583
23250 0.0017855382733915545
23300 0.002050474963434913
23350 0.0016308397326277552
23400 0.002765025241000488
23450 0.0017613653814424607
23500 0.004206257935991928
23550 0.0021684353343599523
23600 0.003302468952953756
23650 0.0017997463016999216
23700 0.0022041962689895917
23750 0.002148335494752882
23800 0.002561366286365469
23850 0.006300756531406466
23900 0.001767521640396681
23950 0.0016056580343023368
24000 0.0016789705846076354
24050 0.008336358394608246
24100 0.001701717435357156
24150 0.0021349947299930012
24200 0.0018199990040953238
24250 0.0024448978393943003
24300 0.0022066781957200345
24350 0.0016722018729365788
24400 0.0043647330575904185
24450 0.0016467758261482837
24500 0.002013372974448256
24550 0.0018298825708195614
24600 0.004136221912829595
24650 0.001875005388461253
24700 0.0016710881213171335
24750 0.0016349193009534164
24800 0.0015412936141903472
24850 0.0018539942776663253
24900 0.004980107522822054
24950 0.0030787356777555136
25000 0.001640018358073344
25050 0.001980238775790606
25100 0.0019192285884784715
25150 0.0019953250420665022
25200 0.001942436101927354
25250 0.0020383135948026715
25300 0.001982183064129434
25350 0.0019626407778776077
25400 0.001964656074210321
25450 0.00208066474361478
25500 0.0019784591688115426
25550 0.002054143501653656
25600 0.0020771388654986277
25650 0.002012898992722614
25700 0.0018768456298862805
25750 0.002081749452089112
25800 0.002027396793762648
25850 0.0020336136662131355
25900 0.001826995313898088
25950 0.002024014020918154
26000 0.001936113781118905
26050 0.0019416464274631979
26100 0.0019983621086873634
26150 0.0019306068329583885
26200 0.0019196063693324712
26250 0.0019473537491080041
26300 0.0017325911191689082
26350 0.0015537849778245552
26400 0.0019630870736883593
26450 0.0019723689129777905
26500 0.0017523328328416877
26550 0.0018096960168059518
26600 0.0018310798546229226
26650 0.0022022772567929336
26700 0.0017120415653056075
26750 0.0017719545693379575
26800 0.0023978870636724102
26850 0.002371489164554471
26900 0.0023223799496537665
26950 0.002085879566302902
27000 0.0016913009156054651
27050 0.002230280416749524
27100 0.001657524588244379
27150 0.0018672486060314524
27200 0.001833406683002517
27250 0.0024962477239748432
27300 0.002353162621166194
27350 0.002012752714139321
27400 0.0022019512943781865
27450 0.0018212124567666902
27500 0.0019448729646037053
27550 0.0023656002727896197
27600 0.0017868814653917257
27650 0.0015004433298968912
27700 0.001499121509496959
27750 0.0016273257844068368
27800 0.002021806389781655
27850 0.0016135898850382377
27900 0.002226094811301517
27950 0.0016037879348188887
28000 0.002470730305360466
28050 0.0016211348012509785
28100 0.0015771510651758506
28150 0.0018765321150047416
28200 0.001713189435352253
28250 0.0023262390585620835
28300 0.0017942168661293466
28350 0.0016020162298329295
28400 0.00183323676958265
28450 0.0019329909222328386
28500 0.0027129851159236064
28550 0.0015476300565224227
28600 0.0016917847715810397
28650 0.002336988339679561
28700 0.0018948206315951826
28750 0.0016387021326218715
28800 0.0017794305945562187
28850 0.0018163956933059666
28900 0.001851944452412584
28950 0.0019905294225834314
29000 0.0015046025866225705
29050 0.0014693365401498306
29100 0.0018389252360411347
29150 0.0018184228263143439
29200 0.001498967606322097
29250 0.0021908512396827573
29300 0.002194888357169969
29350 0.0018607564308845018
29400 0.0017203985997678599
29450 0.0025520711914765386
29500 0.0017960954811554984
29550 0.0016590058887030502
29600 0.002203952027172642
29650 0.0015587846128802818
29700 0.0015119603713554274
29750 0.0016858603927749924
29800 0.0014469567569779867
29850 0.001540116045503982
29900 0.0018699597445474723
29950 0.001919140388248552
30000 0.0019127832205032382
30050 0.0017671724866275688
30100 0.001615797124807672
30150 0.0017113505486648748
30200 0.0017177935261654073
30250 0.0016910177381154075
30300 0.0016322384818096163
30350 0.0017763565618181525
30400 0.0017707993247763505
30450 0.001579319937389998
30500 0.0016316682973809902
30550 0.001584193622086395
30600 0.0017921322096280598
30650 0.0017500557739801787
30700 0.001687311334650054
30750 0.001742653314193244
30800 0.0016647984920345647
30850 0.0017748278343486957
30900 0.0016428835135643709
30950 0.001703843747912604
31000 0.0016902523845428645
31050 0.0017896961765303241
31100 0.0019966637647710742
31150 0.001593438065979972
31200 0.0017270142508391455
31250 0.001582335846772852
31300 0.0016176495462982793
31350 0.0016711852655762725
31400 0.0016055318934223596
31450 0.00157065690839399
31500 0.0013710455869446715
31550 0.0015029858362898218
31600 0.0014927688401337978
31650 0.0015666085706202643
31700 0.0016443880871287585
31750 0.0017189743890443322
31800 0.002173419076666796
31850 0.0018499408298124922
31900 0.0018079164407559776
31950 0.0019795990497069507
32000 0.001965699344238563
32050 0.001766639673668182
32100 0.0016710798840223551
32150 0.0016300678722266668
32200 0.0017659314015244173
32250 0.0014972720908958184
32300 0.0014154110880101444
32350 0.00161991988917232
32400 0.0016806675270691262
32450 0.0017145855260604812
32500 0.0017204989164233324
32550 0.001769740992628099
32600 0.0018913786441877908
32650 0.0015937369146308564
32700 0.0018314040576735441
32750 0.0015311159226371446
32800 0.001642685340168618
32850 0.0015073619612093843
32900 0.0013586930967129439
32950 0.0013866108121760254
33000 0.001953661263831819
33050 0.001409953015493285
33100 0.0015519343125973447
33150 0.0016682258338738848
33200 0.0016900530471121926
33250 0.0016170455736100092
33300 0.0014569643645918513
33350 0.00327331601354237
33400 0.0015955749111421415
33450 0.001647626942108355
33500 0.0017428362055176975
33550 0.0016926573410848056
33600 0.0015059028597342167
33650 0.001513403870716595
33700 0.0016741124883044637
33750 0.0016660711060314394
33800 0.001642614953542403
33850 0.0015782970599323225
33900 0.0014675730088345748
33950 0.0013106444497564815
34000 0.0014339201929710625
34050 0.001352383149755609
34100 0.0014664832036713944
34150 0.0014259403806561202
34200 0.002053332667918263
34250 0.0013779912075651737
34300 0.0016356990361493804
34350 0.0019437588947585317
34400 0.0022236522931782634
34450 0.001698916873408633
34500 0.001768828799791359
34550 0.0016337411797221083
34600 0.0017625344282075329
34650 0.0016222550595463212
34700 0.0015342114084914403
34750 0.0014409458254400764
34800 0.0016337986853939312
34850 0.0017158568902236433
34900 0.0014747791311191692
34950 0.0012892447414722052
35000 0.0018319992779049774
35050 0.001667869802054157
35100 0.0014617027652299463
35150 0.0015369760562753726
35200 0.001610073530129385
35250 0.0015820675047396198
35300 0.0015376956655506104
35350 0.0016199736918129724
35400 0.0015090700886750833
35450 0.001524999857230462
35500 0.0015346988718094802
35550 0.0014973553662262144
35600 0.0014635971313777182
35650 0.0015207350341738027
35700 0.0014567692431257653
35750 0.00161140608813123
35800 0.001522761835120203
35850 0.0015708054451526424
35900 0.0015101616005626993
35950 0.0014983340126826946
36000 0.0013856552056691238
36050 0.0014703246679665194
36100 0.001584455049225854
36150 0.0015359940689921273
36200 0.0014925426622648859
36250 0.0015825357691756044
36300 0.0014562418595353303
36350 0.001483970791936692
36400 0.0014518727633323046
36450 0.0014572590570296451
36500 0.001518869372174139
36550 0.0016829075118912286
36600 0.0015263428963095253
36650 0.0014242448334787837
36700 0.0013253616245021652
36750 0.001586597302576038
36800 0.0014473857166526587
36850 0.001618545223981177
36900 0.0016550778317119018
36950 0.0015135350087133567
37000 0.001520587304256192
37050 0.0014032444653062032
37100 0.0015571297406319195
37150 0.0016731402664581228
37200 0.0014413516931116226
37250 0.0013972414497376094
37300 0.0015041286168475684
37350 0.0015378164070197374
37400 0.0014972077218114088
37450 0.0015185418934686534
37500 0.0014947798543176393
37550 0.0015049215116637554
37600 0.0015817932314710704
37650 0.0015861191470083627
37700 0.0014467828725213871
37750 0.0016424732474928578
37800 0.001425936710302862
37850 0.0015022310064861347
37900 0.0015118154951894063
37950 0.0014324488435365202
38000 0.001473360943241528
38050 0.001545850117106294
38100 0.0013020854899770244
38150 0.0014699731906975028
38200 0.001474502134301117
38250 0.0013244196379140294
38300 0.001476927163389326
38350 0.0014387730249432137
38400 0.0013264113497747432
38450 0.0013717364143677553
38500 0.001401274050544703
38550 0.0012970601540981347
38600 0.0013378806790119377
38650 0.0015661147858717615
38700 0.0013619537824715784
38750 0.001373279543840969
38800 0.0014105221431310606
38850 0.0016127986594449948
38900 0.0014197984468829557
38950 0.0015773141693502263
39000 0.0014435094317501633
39050 0.001610712251679977
39100 0.0014197796190727522
39150 0.001477520116125436
39200 0.0012158947829237255
39250 0.0014784574691026732
39300 0.0013059446574588969
39350 0.0014634812798895933
39400 0.0013748688546793872
39450 0.0014893744894273857
39500 0.0013584566301896705
39550 0.0017391297154505027
39600 0.0011469486587594084
39650 0.0013201089420862985
39700 0.0012528132116568411
39750 0.0014068045320638903
39800 0.0014448375899605767
39850 0.0013116282886307493
39900 0.0012690792284014499
39950 0.001420612911633713
40000 0.0014521116493661655
40050 0.0014319154275379362
40100 0.0014400082580770825
40150 0.0015099780029739023
40200 0.0014360895729777755
40250 0.0013972745813386773
40300 0.001404940541984215
40350 0.0013606765234586698
40400 0.0014100283732130816
40450 0.001338216982898144
40500 0.0012847360649217965
40550 0.0014354927963286294
40600 0.001454443922096778
40650 0.0013358341796132058
40700 0.0013679251755754779
40750 0.0013225039146822347
40800 0.0014206790507588969
40850 0.0014263247878305808
40900 0.0013816008301487984
40950 0.0014023221468105955
41000 0.0013885308166194515
41050 0.0013337549333944387
41100 0.0013550111301445765
41150 0.0013818798194620762
41200 0.0013013823163161883
41250 0.0014892236341629591
41300 0.00136584796307126
41350 0.0013269432815636772
41400 0.001469766499337325
41450 0.0014003000556057862
41500 0.0014404492349530391
41550 0.0014677467085652146
41600 0.0013583142853441615
41650 0.0012849402339535898
41700 0.0013472833147749037
41750 0.001294996549397485
41800 0.0013522238212363103
41850 0.0013398867256691981
41900 0.0013527692502061108
41950 0.0012957547035961883
42000 0.00138984679878868
42050 0.0014106312266969794
42100 0.0013791019145516876
42150 0.0013302004051648525
42200 0.001318927495231206
42250 0.0013661953880566417
42300 0.0013157471748071695
42350 0.0015463066890222565
42400 0.0011908545087757649
42450 0.0013421605298448254
42500 0.0013936227617689827
42550 0.0015240633302402117
42600 0.0012705317153964605
42650 0.0013508837461078797
42700 0.0012591117673149191
42750 0.0011788302986804596
42800 0.0013041410312853393
42850 0.0013887225900127266
42900 0.0012028700354121344
42950 0.0013657713739817416
43000 0.001413769911357919
43050 0.001468563389984788
43100 0.0014329467206858682
43150 0.0014240414290070003
43200 0.001258419348281579
43250 0.0013968640747637807
43300 0.0013880429384274834
43350 0.0014706787427086862
43400 0.0013348754430083736
43450 0.001424039410442698
43500 0.0013847859360998408
43550 0.0013461677898689713
43600 0.0013448998591476945
43650 0.0013221190481944461
43700 0.0012967405310128734
43750 0.0013246978290720561
43800 0.0013783260583092843
43850 0.0013922978599938813
43900 0.0013115168026210918
43950 0.0013055435516522934
44000 0.0013550921241580615
44050 0.0013449831315315954
44100 0.0012314047334837518
44150 0.001240884850358859
44200 0.0013724916642950291
44250 0.0013015062324240841
44300 0.0014450782796330947
44350 0.0013523530420691686
44400 0.001206207851172605
44450 0.0013689800847197693
44500 0.0012761025380780243
44550 0.0012126538090014524
44600 0.0013769368995192974
44650 0.0011932442816700141
44700 0.0013011462685655843
44750 0.0012896575985125863
44800 0.0013181990804564648
44850 0.0012768862875188614
44900 0.0014315482628876096
44950 0.0013566393196013128
45000 0.0012563835434675826
45050 0.0012420851107427177
45100 0.001421897152664753
45150 0.0013217506821239559
45200 0.0011941428845937629
45250 0.0013763803908508026
45300 0.001270677632819059
45350 0.0013852433967455244
45400 0.001354744968745967
45450 0.0013138214806010244
45500 0.0012974634725899511
45550 0.0013561637584015207
45600 0.0013248257995912998
45650 0.0013608047991204584
45700 0.0012845612107923034
45750 0.0013576390682796852
45800 0.00132353563351557
45850 0.0012970953649100764
45900 0.0012657410094269706
45950 0.0012606275137801305
46000 0.001327475930353388
46050 0.0013585597906735798
46100 0.0011921837354413112
46150 0.0013271092256257402
46200 0.0013561713547781543
46250 0.0013424214775786185
46300 0.0012331992419555829
46350 0.0013752311874543925
46400 0.0013420140880425172
46450 0.0012953064140604304
46500 0.0012598746209636896
46550 0.0013177334074737394
46600 0.0012661164476067202
46650 0.0013471112270872626
46700 0.0012758100052481238
46750 0.0012178206408470522
46800 0.0013487041839528523
46850 0.001350479161342254
46900 0.0012947845247317244
46950 0.001301101196540486
47000 0.0013142435006576513
47050 0.0013275094984576687
47100 0.0013119482260795727
47150 0.001249644752380329
47200 0.0012325917750171899
47250 0.0012572392109328342
47300 0.0012969635423519207
47350 0.001350624172428197
47400 0.0011614466852263743
47450 0.001213936139223644
47500 0.0012894563020872636
47550 0.0012685296179238558
47600 0.0011782818725029646
47650 0.001267226473192804
47700 0.0011632172137108964
47750 0.0012399602817364142
47800 0.0013145509943014542
47850 0.0012900995019610156
47900 0.0012115894047244273
47950 0.0012639753235188073
48000 0.0012955563211634663
48050 0.0012515168965028434
48100 0.001255544830213859
48150 0.0012841997745957421
48200 0.001260125856624719
48250 0.0012575253653625718
48300 0.0011908219888918776
48350 0.001266013427958848
48400 0.0012975393816973613
48450 0.0012701221584456982
48500 0.0011194182744194991
48550 0.001251223931760273
48600 0.0013728951906437255
48650 0.0012469430530307444
48700 0.0012534027836355456
48750 0.001338651699402065
48800 0.0012360888888768135
48850 0.0012845947044559441
48900 0.0012486963284549328
48950 0.0012916783016761082
49000 0.0012299740585338295
49050 0.0012511571153552797
49100 0.0012593268267941946
49150 0.0012114848613566033
49200 0.0012545460231023213
49250 0.0012162211753717431
49300 0.0012736418693371128
49350 0.0013112429230424324
49400 0.001160151636124651
49450 0.0012169037596037908
49500 0.0012613076489509875
49550 0.001257019656442357
49600 0.0013189261018192444
49650 0.0012242033232983457
49700 0.0012563422247779555
49750 0.0013072107163644151
49800 0.0012250586628835027
49850 0.0012335812417850005
49900 0.0012154252879513496
49950 0.0011889981170715303
50000 0.0012671236141548893
