50 0.6057363731277629
100 0.30777546332632455
150 0.17560692127319397
200 0.09565621639569612
250 0.06203753401144552
300 0.0496803642638648
350 0.031285233723107334
400 0.020014153696195337
450 0.01536799562704045
500 0.018767341593318696
550 0.01805182044839888
600 0.01475454358771638
650 0.019704117136364312
700 0.015979116456300842
750 0.07380683474384189
800 0.01492572787855155
850 0.015141171993252428
900 0.051008988839507066
950 0.01574390971142455
1000 0.014840388826404746
1050 0.01576034209784755
1100 0.013956583990913912
1150 0.04587904939887281
1200 0.018927773393701736
1250 0.014850883272377238
1300 0.014028719171751886
1350 0.012880055561107162
1400 0.012874254882065554
1450 0.012887629035156264
1500 0.06880525280412875
1550 0.015462467875510578
1600 0.012046777330826517
1650 0.01966195558937327
1700 0.01306886697622144
1750 0.011112605911092767
1800 0.07496170527199701
1850 0.012440955489270872
1900 0.010230459346740417
1950 0.010338742112492057
2000 0.0771731956029455
2050 0.01342985036549242
2100 0.009840020938537992
2150 0.00953032869253861
2200 0.06943956425294996
2250 0.010921205960410813
2300 0.00860217107679914
2350 0.07677985060406953
2400 0.011885844282969585
2450 0.00888535777239327
2500 0.0091598385168757
2550 0.007833443947231067
2600 0.03531644774198905
2650 0.009122973253715402
2700 0.007993657835169263
2750 0.007943330701117609
2800 0.010094108956487038
2850 0.007283273148171332
2900 0.013927461405359061
2950 0.008676039486298661
3000 0.007379740009912596
3050 0.017375501344312573
3100 0.0081886328555752
3150 0.006498256035247982
3200 0.030509294355654228
3250 0.007259861799905318
3300 0.0066639601300536285
3350 0.0067169376603458154
3400 0.009762432968520238
3450 0.026035341485343144
3500 0.0082140895251824
3550 0.007218972131588467
3600 0.006898967736376324
3650 0.006398036217995995
3700 0.006346327072350436
3750 0.006148565645810378
3800 0.00513854490770261
3850 0.0550872330072552
3900 0.005420777084551345
3950 0.005754003766227552
4000 0.005672903535152468
4050 0.004679825613342857
4100 0.0131677816050486
4150 0.0052270113479077965
4200 0.005366891421649025
4250 0.004794294320909276
4300 0.004574359812574988
4350 0.009072199365284441
4400 0.005743157467511891
4450 0.005449536045075049
4500 0.0050538885717320145
4550 0.004986562551265435
4600 0.005355053939377956
4650 0.004555995876832452
4700 0.06610348930187679
4750 0.006379748354937647
4800 0.006019767659431197
4850 0.019655830411560306
4900 0.004191817737516234
4950 0.004765089353154469
5000 0.034128301181389285
5050 0.003788670925805564
5100 0.004007954428720025
5150 0.0038891563575923567
5200 0.004284433243993511
5250 0.0042033884188192525
5300 0.0035445591685601685
5350 0.003626258316899509
5400 0.0035882263426339884
5450 0.0039666850312084214
5500 0.0036748268129948155
5550 0.003621631696657057
5600 0.0033993508465938213
5650 0.003378820942109767
5700 0.0034301474209057718
5750 0.003369809572732724
5800 0.003355235929100229
5850 0.0031216605886883997
5900 0.003067011672878622
5950 0.0031978785378212154
6000 0.0033707806951639697
6050 0.003169857132501192
6100 0.0032918450170188462
6150 0.0032334427896297136
6200 0.0033547313486921677
6250 0.012311567070360168
6300 0.0036440971103738977
6350 0.008030044392351382
6400 0.0031681525141733047
6450 0.0032818196106627175
6500 0.0031755321132948943
6550 0.003023796624022362
6600 0.01817166248018634
6650 0.0035892757134725305
6700 0.0031407195940993723
6750 0.0031806982868212313
6800 0.0030169201646439068
6850 0.0030280395942451303
6900 0.0030430270641889122
6950 0.01033257177759658
7000 0.0033137970650786433
7050 0.0029492525003186774
7100 0.0029333608023854795
7150 0.003139471480770763
7200 0.024489544894621476
7250 0.003600220491194781
7300 0.0030711322341482375
7350 0.007599935587965613
7400 0.004056434715891956
7450 0.003085620959520785
7500 0.005661421920551413
7550 0.0037065217123783845
7600 0.003125928549586237
7650 0.0031340409671600507
7700 0.04475877725661574
7750 0.003167879596615103
7800 0.003076523186001853
7850 0.0032013649468093106
7900 0.017812228596315347
7950 0.00342495599225811
8000 0.004009930758740518
8050 0.011265009285221656
8100 0.0037480183639557723
8150 0.0030502536261773215
8200 0.0030085210964100827
8250 0.003398703799540967
8300 0.00878561401401596
8350 0.0035593541358700347
8400 0.0033934212766455114
8450 0.003778908577683574
8500 0.005983441870059293
8550 0.0028580518072195272
8600 0.003237828403420294
8650 0.004698818621351677
8700 0.005703086908140982
8750 0.0031106287735770304
8800 0.007978855270191699
8850 0.02220964254139326
8900 0.0036871709610075518
8950 0.006124668807044721
9000 0.00959244474499706
9050 0.003449373275277595
9100 0.0032230325441325127
9150 0.0047419336504368305
9200 0.0050980158283722545
9250 0.002955771372910726
9300 0.010361511352633676
9350 0.007968793518423906
9400 0.003037075668892731
9450 0.003130603873023386
9500 0.0029898503513390387
9550 0.0034638584762756706
9600 0.0029931804771524623
9650 0.014584585970403971
9700 0.003019553151405733
9750 0.0031993375462509945
9800 0.016871481172749215
9850 0.0038641933731128394
9900 0.0030582772164587852
9950 0.003162290216130429
10000 0.0032120918788977877
10050 0.0032229201433341213
10100 0.0032091004573802573
10150 0.0033311272976197163
10200 0.003253386281788639
10250 0.0033949618592712793
10300 0.0030717332633535773
10350 0.003386930534103796
10400 0.00315054124916691
10450 0.0033444545627567246
10500 0.0032021170307599757
10550 0.0030883792812025686
10600 0.0032461875018218876
10650 0.003076975755077835
10700 0.0031298637568055597
10750 0.0034791612659143675
10800 0.003355441107169316
10850 0.00313614958527812
10900 0.003402438259903899
10950 0.0032980743126202272
11000 0.003511275198915184
11050 0.0032417393002538352
11100 0.00311832919305549
11150 0.0032786199641771934
11200 0.003258517359697011
11250 0.003191027611177366
11300 0.003038863117248785
11350 0.0044449152947714995
11400 0.0027441273525230974
11450 0.0031255915916882674
11500 0.0031878206360746947
11550 0.005224623017700911
11600 0.008434888274418054
11650 0.0033997621590702645
11700 0.003187210537386891
11750 0.003691521846930989
11800 0.006790491625482441
11850 0.004157633407506783
11900 0.005330292816074163
11950 0.0037186110213305577
12000 0.0028849220853690272
12050 0.00308386988047713
12100 0.0031521616211517287
12150 0.004608327262162538
12200 0.0027200705911427482
12250 0.00299928017466281
12300 0.003377766090444029
12350 0.0037481468364304114
12400 0.003164290492699986
12450 0.0028317382194245925
12500 0.003086016451158939
12550 0.005885178173592012
12600 0.0034243481304843722
12650 0.002561758476350909
12700 0.0031289932058824375
12750 0.003249741440617491
12800 0.003374452232515293
12850 0.0031495373104996746
12900 0.003502327440324563
12950 0.003209311860381833
13000 0.008663551603480944
13050 0.0032801002154965657
13100 0.003159106895832766
13150 0.0031265422775494742
13200 0.008699689214399177
13250 0.0033373372777261807
13300 0.0028539065712221744
13350 0.025303186967119046
13400 0.0026448848006576805
13450 0.003495586116039256
13500 0.0037041109441311925
13550 0.0030545639568344365
13600 0.002605862453855785
13650 0.0027180679101262064
13700 0.0031498297345027037
13750 0.0030858869100330384
13800 0.0032170340426923546
13850 0.006459245040591072
13900 0.002902648373543399
13950 0.0027346018324635028
14000 0.022900444687713482
14050 0.004809346023264034
14100 0.003936435760497583
14150 0.003109971369255021
14200 0.0028734858964044535
14250 0.0029177773686253545
14300 0.0027199409007832936
14350 0.0029911096210587453
14400 0.01501732676338869
14450 0.004725644229637983
14500 0.00307852636613943
14550 0.0068141014068570415
14600 0.0030459979949313144
14650 0.0028833918811975645
14700 0.0028070604578734103
14750 0.0026379707323796095
14800 0.0029113317953638708
14850 0.003338962026507755
14900 0.004568432151527059
14950 0.014858030937405915
15000 0.005124929896380983
15050 0.002865280030274913
15100 0.0028148040677876958
15150 0.002883067264208574
15200 0.0030772169321686884
15250 0.0031726819991257397
15300 0.003077066239614418
15350 0.003134431751594973
15400 0.003099535725376483
15450 0.003140304405065298
15500 0.003257902636041809
15550 0.0030812623559734174
15600 0.0029615602562291956
15650 0.0030438208335341085
15700 0.0030634771383888397
15750 0.003304251491686111
15800 0.002960647171373448
15850 0.0030152668702140115
15900 0.0031652241261942086
15950 0.003014153807408459
16000 0.0030649850659679855
16050 0.003077686015865992
16100 0.0030085154758247874
16150 0.0031906691314029308
16200 0.003044938218168214
16250 0.0030230497726670426
16300 0.002917748773513164
16350 0.0028518501737815924
16400 0.003915287101502015
16450 0.002913570350055487
16500 0.0031921727012534707
16550 0.009782357314411329
16600 0.0024477238314759286
16650 0.002793923588719763
16700 0.002993131741608018
16750 0.0029645449668251897
16800 0.003157074094025023
16850 0.008634776482354682
16900 0.0030605992150932095
16950 0.00236640588467522
17000 0.003440091675213209
17050 0.010798136411379578
17100 0.0037205162970385956
17150 0.002885320714571577
17200 0.0030043740606266064
17250 0.0034653610369354076
17300 0.0030118983776927827
17350 0.003127856865995661
17400 0.004935493673078241
17450 0.0037994473517935614
17500 0.003538965889413003
17550 0.00218532013368208
17600 0.0030101442046575073
17650 0.003159446188514245
17700 0.01771449469108513
17750 0.002642915762985722
17800 0.0028205497387289386
17850 0.00291048151477977
17900 0.003021692607511803
17950 0.0030301986019672955
18000 0.0029216549831502627
18050 0.003068799098176314
18100 0.003183270802102199
18150 0.02059337395151116
18200 0.003971094298096586
18250 0.0029190640683137456
18300 0.002999860489963484
18350 0.0029146313124895095
18400 0.00336707982563655
18450 0.005428661879287913
18500 0.002908156496516887
18550 0.002678499058612438
18600 0.0057848604920400695
18650 0.0039518362948489805
18700 0.002546013693273896
18750 0.0028663123418718544
18800 0.0028189313656121584
18850 0.0024710506732267524
18900 0.003971564952284302
18950 0.003734406921806156
19000 0.003563549361961052
19050 0.002568732543298262
19100 0.0029548091168629235
19150 0.0030192534771516398
19200 0.005139880893616109
19250 0.00343038189084027
19300 0.0029684119990140197
19350 0.0027619450379980847
19400 0.002329127749482947
19450 0.0023210456337972966
19500 0.002912887961245894
19550 0.00862118204183749
19600 0.00294971751821092
19650 0.0024025899599572336
19700 0.0025896652068920266
19750 0.0021112426977352708
19800 0.002976550056691858
19850 0.0023375484131853332
19900 0.0026992647549159317
19950 0.002792226940542877
20000 0.0031476504201557918
20050 0.002693515649425363
20100 0.0027561286074421405
20150 0.002773036523365195
20200 0.002793958514378362
20250 0.002723197066992966
20300 0.0027854308557302967
20350 0.0027949860479375413
20400 0.002867374692333045
20450 0.0027946178946038425
20500 0.002684714100909009
20550 0.0027629089902638996
20600 0.0027039155360581036
20650 0.0025686536019282947
20700 0.0027259221282131675
20750 0.002528126127168914
20800 0.0025825903912639458
20850 0.0028079775870757375
20900 0.0027665280850536636
20950 0.002749343358135435
21000 0.0029360399061831347
21050 0.0026177895329889066
21100 0.0027386282773713285
21150 0.0027291887089747557
21200 0.002880873735932073
21250 0.00278751116424248
21300 0.002740555530930663
21350 0.0027248407127898016
21400 0.002537727563204172
21450 0.002205803000031958
21500 0.002553031190659726
21550 0.002467505635225326
21600 0.0028082722464639427
21650 0.002622331634004244
21700 0.0026466547607187727
21750 0.002619425021304893
21800 0.0026187971311973867
21850 0.002690882951378029
21900 0.0024668446157947734
21950 0.0026376448417985703
22000 0.007293020552139605
22050 0.0025405950045453442
22100 0.002747292823031759
22150 0.0026844327251089113
22200 0.0029611928307733374
22250 0.0026550703590752967
22300 0.0024659643421216
22350 0.0037952987794348716
22400 0.002557838024008251
22450 0.0026141463718821365
22500 0.004730701079707331
22550 0.0019486960434837925
22600 0.0026542391099181263
22650 0.002019979827305782
22700 0.0038272533908257833
22750 0.0025883165447710956
22800 0.0026500439074984587
22850 0.0026778765353948335
22900 0.0024230963607381997
22950 0.0023280596698218212
23000 0.0023966567690752146
23050 0.003910518763269561
23100 0.0027829383012431944
23150 0.0028416421388269904
23200 0.002866506927134484
23250 0.002474821337352915
23300 0.0024906542264247758
23350 0.002083021277238707
23400 0.002693478034221258
23450 0.002538506652852213
23500 0.0026261602603280866
23550 0.002609675346673143
23600 0.0023026101108711565
23650 0.0025404298431913296
23700 0.0035886068022493154
23750 0.0023068456002830356
23800 0.0022692418266661574
23850 0.0019241941102976629
23900 0.0026977599086616846
23950 0.0027940121346569035
24000 0.006894075307630577
24050 0.0024112690331201153
24100 0.002547396258245694
24150 0.002711061080714381
24200 0.002391365153108401
24250 0.0021455924629484556
24300 0.0019598714947357846
24350 0.0024742913386909893
24400 0.0036595608985993807
24450 0.002464173375660717
24500 0.0026614947227817853
24550 0.002065197484859606
24600 0.0027861208553643948
24650 0.004912708621486616
24700 0.0031971926290275446
24750 0.002405725222796653
24800 0.0042941631870327375
24850 0.0021428879993329853
24900 0.002444643977063516
24950 0.002450067787525358
25000 0.002632988199523351
25050 0.002581245119695732
25100 0.002492706344670924
25150 0.0024344293845744848
25200 0.0024938972523816986
25250 0.0023918729566266756
25300 0.0025651059952702514
25350 0.0025800712692573276
25400 0.0024989339217255614
25450 0.002470378773469073
25500 0.0025185381728851765
25550 0.0025095189705944356
25600 0.0024893373388348602
25650 0.00246347903878681
25700 0.0024265798929556217
25750 0.0024234328347157094
25800 0.0023698834364531793
25850 0.002365375134317007
25900 0.002430998105763118
25950 0.0023164421909757952
26000 0.00230855215115652
26050 0.0023615069039389846
26100 0.0023105149070684725
26150 0.002575503911274793
26200 0.0022697943663806917
26250 0.002514586228553958
26300 0.0025594106980470284
26350 0.0023065884747590078
26400 0.0024829088774119224
26450 0.002462353714198219
26500 0.0024604533109746445
26550 0.0027140779034718152
26600 0.0025903637631100283
26650 0.002718645575873591
26700 0.0025502988827609137
26750 0.0027529279828836712
26800 0.0022393854835436426
26850 0.0022442330844496794
26900 0.0023443749321090802
26950 0.0025249613018487713
27000 0.00215497858171864
27050 0.0025966017150388138
27100 0.001958701320475569
27150 0.0023958131041087968
27200 0.0023120130575554633
27250 0.002325847947097305
27300 0.0075285221938846646
27350 0.002736837423418331
27400 0.0022683557978294376
27450 0.002252635490437051
27500 0.002445670838507573
27550 0.002417430196295504
27600 0.002399228597222504
27650 0.002457458182785676
27700 0.002777847203854225
27750 0.0018645455101957273
27800 0.0023372724682024486
27850 0.0019483796357950734
27900 0.0023741700727659704
27950 0.0027054737279757924
28000 0.0022725547648659214
28050 0.0021967091634372974
28100 0.0028702886334746654
28150 0.0025917537358764345
28200 0.0021916893059630445
28250 0.002146242842068067
28300 0.004152196193565742
28350 0.0023054679855734205
28400 0.0023634527181315957
28450 0.002026905618307087
28500 0.002125979764751826
28550 0.0021113881270419916
28600 0.0024572282164884228
28650 0.0020627939362984644
28700 0.004009247433402891
28750 0.0023710715132328353
28800 0.005353338574029436
28850 0.0020698675863882565
28900 0.002167318637228712
28950 0.0031062040783984045
29000 0.0018071853694852907
29050 0.0025258445445879066
29100 0.0020159334424453687
29150 0.001955742578599003
29200 0.002259416339240243
29250 0.002194982020017576
29300 0.002152667585904341
29350 0.0019538153823406034
29400 0.002005880576899021
29450 0.0018018014662292182
29500 0.0024408479165247215
29550 0.002080343757858904
29600 0.0017541584912037125
29650 0.002466890801460642
29700 0.001974542613112495
29750 0.001963136031029401
29800 0.002280544728468068
29850 0.002455210341749457
29900 0.0033246197644310623
29950 0.0017709595070933514
30000 0.001589969751588161
30050 0.00226394627150429
30100 0.0020904891518757035
30150 0.0023956245589090972
30200 0.0021366077221031867
30250 0.002161421034913794
30300 0.0022332702670506167
30350 0.0020777987831102286
30400 0.002350868024804804
30450 0.0022693046027966444
30500 0.0022777981279895037
30550 0.0022238440246785778
30600 0.0021187142872429662
30650 0.0021576372947273814
30700 0.002192232147379112
30750 0.00208912918248505
30800 0.0023891576894320117
30850 0.0021918516200166585
30900 0.0024386319326072875
30950 0.0023142124047214915
31000 0.002184722692377895
31050 0.0022542567235454415
31100 0.0024176532776006908
31150 0.0020937246484013373
31200 0.0022347593825543695
31250 0.0023379477439042836
31300 0.002289164082419803
31350 0.0021682491980838732
31400 0.0024289798777588087
31450 0.002189783500106638
31500 0.002883930330928118
31550 0.0021843196763336546
31600 0.002162620793343201
31650 0.0016587561294797968
31700 0.0021420481191534104
31750 0.002148780837347899
31800 0.0028106709810209476
31850 0.001970174734518134
31900 0.0017974231942267395
31950 0.0022784798997827157
32000 0.0023800797393118515
32050 0.0021149538041948975
32100 0.0023337740927135476
32150 0.0021846082009171802
32200 0.0017856757438160626
32250 0.002817476454619688
32300 0.0021722019598684333
32350 0.0020903266609743013
32400 0.002220285159761407
32450 0.0024465697401473284
32500 0.002062006340539669
32550 0.0022278477299354565
32600 0.0020321273776177083
32650 0.002176578369562067
32700 0.0021257887517544534
32750 0.0019212643903658132
32800 0.0020341702275811805
32850 0.002655271671670176
32900 0.0020815500252354276
32950 0.0021879812562374925
33000 0.0016706574025076068
33050 0.0019398498116083296
33100 0.0021107317690698597
33150 0.002105860529042855
33200 0.002061480107529468
33250 0.00195572924185168
33300 0.00209141620166732
33350 0.002241244727272353
33400 0.0022703408126932517
33450 0.002685863057586362
33500 0.0020443335098552203
33550 0.0019002889833459793
33600 0.0019395096923227814
33650 0.002042394352406818
33700 0.002668873932468931
33750 0.002165285480224144
33800 0.0020489142659189984
33850 0.0019033389860703238
33900 0.0019636455335492924
33950 0.0021872141919683434
34000 0.0026166733764492623
34050 0.002100824226518568
34100 0.0021007701608591733
34150 0.0023674445695985873
34200 0.0023103057203166973
34250 0.0019528244119476777
34300 0.00194600304250666
34350 0.0020716336024544845
34400 0.0018201022858460021
34450 0.0019554574695922955
34500 0.0022966629842174477
34550 0.00189522369471112
34600 0.0016187217104658628
34650 0.002291226174241384
34700 0.0016116280440820888
34750 0.0017391493698276752
34800 0.0020649534151010885
34850 0.0014631280014639498
34900 0.002028806466035877
34950 0.0025027501427569965
35000 0.0015068779490691679
35050 0.0019357046439195036
35100 0.0020241165237425505
35150 0.002128715346810232
35200 0.001920445101448363
35250 0.002050548343774481
35300 0.002044231701554963
35350 0.0019176917622629134
35400 0.0021247628863178577
35450 0.002085680146332176
35500 0.0019831288302678087
35550 0.0018297726206073469
35600 0.0020719643863298656
35650 0.001984663918329752
35700 0.0022069441227758517
35750 0.001981007707350119
35800 0.0019524219168046903
35850 0.0021608549143665155
35900 0.001889800453899321
35950 0.002023479287763088
36000 0.001933571571931943
36050 0.0018937347806577513
36100 0.0019631390935810553
36150 0.002116315442360768
36200 0.0020617037553184725
36250 0.0019810724902242765
36300 0.0019359157473052314
36350 0.002000809673989929
36400 0.0019895596444272847
36450 0.001927146619621219
36500 0.0023576973359267215
36550 0.0023529446385190454
36600 0.0020232765856027066
36650 0.0019839967017346977
36700 0.0020532677335292726
36750 0.002002202437549008
36800 0.001778856178088834
36850 0.001969400241271811
36900 0.0020139067248628726
36950 0.0017619294561212315
37000 0.0020274956105753965
37050 0.0019150526147295019
37100 0.0020247334770738742
37150 0.0019578892202568774
37200 0.0020149447353449645
37250 0.0023281265001873423
37300 0.0019078741281700305
37350 0.0019558241803772324
37400 0.0020879038277346208
37450 0.0019485039240503283
37500 0.0025492052127872055
37550 0.0019592725215556283
37600 0.0018887801808857435
37650 0.0021772219972156434
37700 0.0017899600673360583
37750 0.0022124817057748544
37800 0.002036194893665918
37850 0.0016809830129992966
37900 0.0018876079174919758
37950 0.0017132736788098995
38000 0.0017856120199219734
38050 0.002004926562727999
38100 0.0018938771935348583
38150 0.0019920574554990983
38200 0.0019672124773390982
38250 0.0020415860521230014
38300 0.0018200095091306318
38350 0.001795155411522484
38400 0.0019117072244748592
38450 0.0018255010868496813
38500 0.0020109642897492355
38550 0.0019316054858838862
38600 0.0019645175944966037
38650 0.0018384886503116332
38700 0.0017895175124151065
38750 0.0018186561827204823
38800 0.0023351508061603883
38850 0.0018868536793146928
38900 0.0019024553951653429
38950 0.001699021434329746
39000 0.0018168710924768914
39050 0.001872093332551896
39100 0.0018780383712102284
39150 0.0021922387973911262
39200 0.001964095784028768
39250 0.0019488079729051947
39300 0.0022672561988750263
39350 0.001759864219598731
39400 0.00186565654472629
39450 0.001989168205277615
39500 0.001839637144405377
39550 0.0018180923304163654
39600 0.0016579942547740075
39650 0.0016953622600628401
39700 0.0022574098383353392
39750 0.0018610118460187833
39800 0.0019074064596340482
39850 0.0018315940399293862
39900 0.0020040923856869623
39950 0.0018809644416320599
40000 0.0018588856497668447
40050 0.001919539549660261
40100 0.002011861936785762
40150 0.0018439320616729863
40200 0.0017830974829320088
40250 0.0019439537976495426
40300 0.0020758991763588975
40350 0.0017560669482945795
40400 0.0019147425896247326
40450 0.0019427954645573982
40500 0.0018941075285232505
40550 0.0017456962850845193
40600 0.0018190613554037816
40650 0.0019641724500161924
40700 0.0017722013124159873
40750 0.0017990414436833799
40800 0.0018128106847404243
40850 0.0018887024709920365
40900 0.001933693257154998
40950 0.0017639651139076471
41000 0.0019545435442732627
41050 0.0017825062599052754
41100 0.0017081830230704072
41150 0.0018841757591800468
41200 0.0018171633239779286
41250 0.0019800325427952246
41300 0.0018241359978357287
41350 0.0018839595747555838
41400 0.001715062798482126
41450 0.0017975927373609115
41500 0.0017851257422098516
41550 0.001784406755141074
41600 0.0018388012668260011
41650 0.0018833386614547437
41700 0.0018014381993638501
41750 0.001797558785664367
41800 0.0018221574474872658
41850 0.001864617357252248
41900 0.001871245978653431
41950 0.001930222873771372
42000 0.0018931629447434914
42050 0.0017292261732628326
42100 0.0017660724021663144
42150 0.0017967909432030811
42200 0.0018809316836238509
42250 0.0016619846901750012
42300 0.001841477066311736
42350 0.0018389252721408948
42400 0.0018326370491534643
42450 0.0017392436290056097
42500 0.0016361782287370018
42550 0.0017914450693027636
42600 0.0017170660591030232
42650 0.0018347028806309
42700 0.0018046202127200979
42750 0.0018395758612594307
42800 0.0018470541458211005
42850 0.001891857395835596
42900 0.0017586278868391733
42950 0.0017166755250207595
43000 0.0017521908440976514
43050 0.0018805767162514604
43100 0.0018432378480385916
43150 0.001911864641729268
43200 0.0017912726023935415
43250 0.0020204333998873327
43300 0.0016782874268562503
43350 0.0017735804424538102
43400 0.0018973894530966086
43450 0.0018440052999037088
43500 0.001795302744367656
43550 0.0018887862577040755
43600 0.0017566270748329898
43650 0.0018276939745643153
43700 0.0015741896677104994
43750 0.001713007396676495
43800 0.00175697647871308
43850 0.0017253949795643987
43900 0.0018430527966527173
43950 0.0018833306075337686
44000 0.0017270458771331215
44050 0.0017797261145575422
44100 0.001842379631677631
44150 0.0019615013101661007
44200 0.0017558565381724
44250 0.001743625794452509
44300 0.0018549628145963246
44350 0.0017060998303647932
44400 0.0016160012345301626
44450 0.0018906225184170285
44500 0.0017176328764651199
44550 0.0016250710302562845
44600 0.0016910819777412804
44650 0.0015450002472408458
44700 0.0017990308351916924
44750 0.001754487030169094
44800 0.001720161651698973
44850 0.001763953259455051
44900 0.0018736567346200417
44950 0.0017407604330105745
45000 0.001600922155860835
45050 0.0016574525828306698
45100 0.0017095098963443157
45150 0.0017766577402280376
45200 0.0017467541331063622
45250 0.0016920612383083244
45300 0.0016821762611971683
45350 0.0017828122473307912
45400 0.0016704394354992713
45450 0.0016676028867659391
45500 0.0016567360746609157
45550 0.0016410564673922665
45600 0.0018348865581485055
45650 0.0017209228957967943
45700 0.0017681578366102128
45750 0.0016488900480627052
45800 0.0016511210056688681
45850 0.0016112713543507448
45900 0.0016555334816109463
45950 0.0017442901266464127
46000 0.001828126163873935
46050 0.0017322438038108576
46100 0.0016966458167581736
46150 0.0016088278753004193
46200 0.0016356960432802692
46250 0.0019187824084378464
46300 0.001597896365003275
46350 0.0016524966299843156
46400 0.001613900620024004
46450 0.0018511897015610992
46500 0.0017761154343435151
46550 0.0016667674677612564
46600 0.0017436395074595832
46650 0.0017241666293736511
46700 0.0017159603760314333
46750 0.0017408222314338085
46800 0.00172405325505742
46850 0.001808465027679259
46900 0.0016044905339239201
46950 0.0017516231464575168
47000 0.0017697674608269003
47050 0.001767752438334713
47100 0.001798838252321493
47150 0.001668152278900878
47200 0.0017055646352331947
47250 0.0016876410847499574
47300 0.0017279830485609153
47350 0.0017114402963639978
47400 0.0016556924833165453
47450 0.0017646122731064182
47500 0.0017058956981883691
47550 0.0017358919709169955
47600 0.001668911700878137
47650 0.001746356445465952
47700 0.0017402067612168508
47750 0.0015662312511175098
47800 0.0017458292932960766
47850 0.0015619083550175385
47900 0.0016973044062023378
47950 0.0016226487454906629
48000 0.001636483498264176
48050 0.0017455216132620007
48100 0.0017309865862081876
48150 0.0016987532911367268
48200 0.0016685939856453762
48250 0.001753250953850867
48300 0.0016440426673642455
48350 0.0017278596252420445
48400 0.0015096985414777418
48450 0.0015305015889528117
48500 0.0016644808202839127
48550 0.0016102630018252585
48600 0.001482033682878426
48650 0.0017168792133312508
48700 0.0016730220795398547
48750 0.0016361109598971991
48800 0.0018353832355221355
48850 0.0017176673475189218
48900 0.001691494138845629
48950 0.0016154849831517917
49000 0.0017968852476243579
49050 0.0015843233152134574
49100 0.0015598433804747236
49150 0.0017398965647546895
49200 0.0016819225867638315
49250 0.0016366769813331915
49300 0.0015678088543117068
49350 0.0016232494237318116
49400 0.0017122462052063408
49450 0.001649102522361392
49500 0.0017344083836026154
49550 0.0014988137524954007
49600 0.0015786268111505888
49650 0.0015537152304084278
49700 0.0016142470707852482
49750 0.001545998169371741
49800 0.0016457962136417223
49850 0.0016387231847237989
49900 0.0015095293186494648
49950 0.0015580063353704309
50000 0.0015790760832028912
