50 0.47678392935020236
100 0.16221654888231266
150 0.09793256896242424
200 0.06911592725736201
250 0.04418333060158719
300 0.05112222987834558
350 0.035789762729927295
400 0.038790264982611206
450 0.03567037747536501
500 0.021497441814578754
550 0.019580284873467586
600 0.026426452041699577
650 0.022870760125780133
700 0.07543949826313397
750 0.017304146625037545
800 0.019547232896618003
850 0.017713053134822163
900 0.02817057586050019
950 0.019845540954303503
1000 0.020697469989888237
1050 0.019665770597358044
1100 0.052585863595908014
1150 0.0198483448953937
1200 0.01902797507732626
1250 0.018765401238350098
1300 0.024802927270591104
1350 0.02219959611028898
1400 0.021657784118087095
1450 0.01959440859378386
1500 0.0187164555455309
1550 0.07369510942557449
1600 0.018260252443785548
1650 0.01988531630879403
1700 0.01859491291847763
1750 0.020833832146119245
1800 0.02004725796748828
1850 0.020373866612482253
1900 0.02825172832732971
1950 0.01948358516180668
2000 0.018448768725424673
2050 0.019302238122695402
2100 0.018394582530503367
2150 0.018766240377673285
2200 0.020548982020268884
2250 0.025901259498071035
2300 0.01870933341955184
2350 0.07862731748342544
2400 0.021630063004459125
2450 0.01838680453387616
2500 0.018300828108470772
2550 0.01789453763400364
2600 0.024680812575846964
2650 0.020547684542929115
2700 0.018527568685264725
2750 0.01747777329437132
2800 0.018916530971228883
2850 0.018548232720458746
2900 0.01753286931039373
2950 0.018963064042870244
3000 0.048280894904175996
3050 0.018296901937743963
3100 0.01831799196880285
3150 0.017627396439342663
3200 0.016305656984890397
3250 0.08546226856821741
3300 0.02113677807035321
3350 0.01780838904212733
3400 0.016850589053434374
3450 0.10679145158247713
3500 0.01712348568807661
3550 0.016676729675833044
3600 0.016061257313760575
3650 0.06134564995931277
3700 0.018960799780338843
3750 0.017908957974171552
3800 0.018927967100794047
3850 0.05813513756892958
3900 0.020252472836660672
3950 0.0178243031717798
4000 0.015412516208634687
4050 0.017580666728015892
4100 0.052522895687844004
4150 0.016636814944403725
4200 0.016718560951633807
4250 0.014299682232290306
4300 0.019403584344965308
4350 0.016435376808097934
4400 0.014755147015298196
4450 0.02454968302244328
4500 0.02018599225181446
4550 0.015533468188650465
4600 0.01621160962908138
4650 0.03445544536376369
4700 0.020400791077854072
4750 0.015925627133005292
4800 0.013689832470019375
4850 0.015078301435354782
4900 0.10134932172597456
4950 0.015556409107939546
5000 0.014318615496208546
5050 0.01517311899252521
5100 0.013135221246116302
5150 0.013934891248641319
5200 0.013443722465117384
5250 0.013143727169085996
5300 0.01381267488009872
5350 0.012427027747402706
5400 0.011685111386618933
5450 0.012274851421811133
5500 0.012025106666234542
5550 0.012676524299846737
5600 0.012051562830765498
5650 0.011731120597217927
5700 0.011630221124303789
5750 0.011256001303882624
5800 0.010939338038772598
5850 0.011597951040897645
5900 0.010493043941532706
5950 0.011165067916292399
6000 0.011578629040183669
6050 0.010664777927511892
6100 0.010294111330008956
6150 0.010311336742876692
6200 0.010384598908302645
6250 0.009713380396873318
6300 0.010461591646607924
6350 0.011869260043871212
6400 0.009680390310142404
6450 0.009325295006614498
6500 0.03166757112440285
6550 0.012772906980440842
6600 0.050188861628435465
6650 0.00964669504920298
6700 0.010440383946724266
6750 0.009995890477860172
6800 0.02503127168946896
6850 0.00975649451075801
6900 0.010892473470989534
6950 0.014030926675896645
7000 0.012253419297472394
7050 0.009151614748335255
7100 0.02974345302626035
7150 0.008849708047030159
7200 0.010469053532107699
7250 0.010164559448919972
7300 0.009547977150076754
7350 0.008980812843813048
7400 0.008345777331996842
7450 0.011331332766676982
7500 0.00950273129268728
7550 0.016297052243913576
7600 0.011223845188670568
7650 0.01155027312945907
7700 0.011481693019693618
7750 0.008706020403290889
7800 0.015452411691163292
7850 0.008525225138122752
7900 0.009269453015761318
7950 0.012514772876917938
8000 0.008716181050902376
8050 0.008924276293527302
8100 0.008781146196793013
8150 0.007593545397457469
8200 0.015145395276466068
8250 0.009362759910425157
8300 0.008559969470405819
8350 0.01007564205992607
8400 0.009102724213229723
8450 0.00805436541675479
8500 0.007903312653466941
8550 0.010773284547321082
8600 0.007353733822199004
8650 0.007094161578088148
8700 0.007930468839149458
8750 0.007608778413523615
8800 0.015456678309664542
8850 0.010252918703460156
8900 0.006492810504938507
8950 0.00718118963241878
9000 0.007923395621572406
9050 0.007997308595657483
9100 0.015892454292729733
9150 0.007239452157518938
9200 0.006778256690830173
9250 0.028290692408527055
9300 0.006135659729660396
9350 0.0186914823727034
9400 0.008094572695869566
9450 0.011303790104230917
9500 0.010924619765139514
9550 0.009354572192025496
9600 0.013272705128873276
9650 0.00611008410035183
9700 0.021651095967419504
9750 0.006928160615875841
9800 0.006493270469827061
9850 0.023970705578061628
9900 0.010411309858724951
9950 0.00709604916229636
10000 0.0052814017468728255
10050 0.006617752759631546
10100 0.006791143727374648
10150 0.006729560812556436
10200 0.00660662205932655
10250 0.006503887269119298
10300 0.00620185408294711
10350 0.006243990142092799
10400 0.0068146150070146315
10450 0.006144978869477197
10500 0.006718236600026796
10550 0.006316454506090149
10600 0.006053096704396586
10650 0.006654805158701455
10700 0.005689309089690461
10750 0.005944539718295267
10800 0.005975271680864333
10850 0.006243379125591606
10900 0.006367618195822417
10950 0.005809846594163327
11000 0.006044345329129029
11050 0.00568450459691666
11100 0.005979095799134231
11150 0.005730846530906488
11200 0.005306385594613083
11250 0.005807132284608312
11300 0.008071901862990559
11350 0.007537886739032921
11400 0.005413267524071283
11450 0.014032154707772672
11500 0.004725670164805449
11550 0.02088073551412643
11600 0.004380650262968235
11650 0.00953742379287383
11700 0.008025951830022736
11750 0.005943216567665174
11800 0.010452516955004668
11850 0.005448358529151553
11900 0.005528922652229999
11950 0.009535922998492971
12000 0.004269910046268558
12050 0.0052593429311163144
12100 0.0049602883667717
12150 0.02126062915293645
12200 0.004500689638443228
12250 0.00481049251425651
12300 0.004958254091317397
12350 0.004990003768328194
12400 0.017299257521915353
12450 0.005138561212479879
12500 0.004869246937757551
12550 0.005387460151427487
12600 0.014292454649197633
12650 0.004358659689655343
12700 0.004523308333044755
12750 0.005032797630482257
12800 0.0064067433910806135
12850 0.010381585164225552
12900 0.00419727301649934
12950 0.005523194510156049
13000 0.005200116340340734
13050 0.00809433752799147
13100 0.00423759885732088
13150 0.004681722399521167
13200 0.00629949633996427
13250 0.004819487635968387
13300 0.004312040658552109
13350 0.01960290936010827
13400 0.00359337513948717
13450 0.0038560836502486403
13500 0.01483372461327111
13550 0.004520290282099066
13600 0.004262159801040012
13650 0.004361713772995725
13700 0.006017026609926897
13750 0.005021818084066079
13800 0.003731996545402567
13850 0.02050616565047483
13900 0.005603271184846176
13950 0.0065157072641266155
14000 0.00317366779337421
14050 0.004204730636157194
14100 0.0038423571068740294
14150 0.013391106337682654
14200 0.0053960895839364155
14250 0.0036951439483854103
14300 0.004522143838879918
14350 0.002860387930127427
14400 0.004428011260500289
14450 0.013677343392807547
14500 0.003179483891313849
14550 0.0036045626960020355
14600 0.010147151028324804
14650 0.004460004627923527
14700 0.00277614724603864
14750 0.002914207287609775
14800 0.006739595407796008
14850 0.0027437609477365967
14900 0.004010323988845005
14950 0.005407857015236732
15000 0.0034120461904768333
15050 0.003388911482963481
15100 0.003389858734816813
15150 0.0039075075551586
15200 0.0035488878964951413
15250 0.0034110295453532594
15300 0.0034115232330093046
15350 0.0033547490938374974
15400 0.0031816811781012326
15450 0.003228389173081467
15500 0.003510611929173205
15550 0.003482155649140544
15600 0.0034429990245251688
15650 0.003262034649388434
15700 0.003478008407664549
15750 0.003396832293405175
15800 0.003222568075475269
15850 0.0029832759536888025
15900 0.0032661000829219294
15950 0.0030487079740974844
16000 0.0034499244418361827
16050 0.0033594188907675295
16100 0.003365743643516901
16150 0.0031432806414390863
16200 0.0031121284857082393
16250 0.0035385307556993896
16300 0.0032199019085200464
16350 0.0031596776924546575
16400 0.0032680289717022843
16450 0.0025074077061755175
16500 0.0026730284056317795
16550 0.0024738952449741866
16600 0.0027144935685531504
16650 0.0038505073048666215
16700 0.006674733077573126
16750 0.0026435391338930137
16800 0.005497864054425963
16850 0.002308520834873882
16900 0.0029009748959225624
16950 0.009826970534979924
17000 0.0034031762458302255
17050 0.002141390953998765
17100 0.002400632957624704
17150 0.004336422813215796
17200 0.0033828735257141686
17250 0.0031289938718365748
17300 0.0024370379954387965
17350 0.009541299515103296
17400 0.0031288856545099
17450 0.0024097766339452507
17500 0.005306703888859396
17550 0.0032972627044713532
17600 0.0028243195028411134
17650 0.0023707460129321857
17700 0.0022814720003245053
17750 0.0030638164370269975
17800 0.002067551759911645
17850 0.0031294593090828477
17900 0.002202064604308145
17950 0.0024146579197334836
18000 0.002546639746745807
18050 0.0034225194167837253
18100 0.0030386387144803175
18150 0.003174296680790444
18200 0.007284837155904672
18250 0.003486800438290767
18300 0.0024985235029825648
18350 0.007103618753757375
18400 0.0020607621653662305
18450 0.010062188758726758
18500 0.00176727636473178
18550 0.00257568644245275
18600 0.002854322097705012
18650 0.0028911726337817285
18700 0.002188652685773832
18750 0.0021786551150339895
18800 0.003070610202928487
18850 0.00214049711709829
18900 0.002469925117411785
18950 0.004363924978189193
19000 0.0025068861799302845
19050 0.006724322010790328
19100 0.003274036002741862
19150 0.002845230453694384
19200 0.004624355114189301
19250 0.0024222889457283228
19300 0.0023847906829315953
19350 0.001731766475282846
19400 0.002034828537880844
19450 0.0030021697576071518
19500 0.003273878680425766
19550 0.002171118635681637
19600 0.0019433573765707175
19650 0.0063344532089762325
19700 0.002669423632892052
19750 0.002047134991492141
19800 0.0036967953871282835
19850 0.0030965313036245994
19900 0.002179067879591948
19950 0.003989744388986048
20000 0.001727054563115987
20050 0.002144865548998327
20100 0.0021390169841847342
20150 0.002083488766678206
20200 0.002130774473115697
20250 0.0021756587278703235
20300 0.002170933090581145
20350 0.0023269628159198375
20400 0.0022464162641044672
20450 0.0021388326145338407
20500 0.0022079194586095865
20550 0.0020867476571888254
20600 0.0021656943350152357
20650 0.0020677108979193807
20700 0.002127701073228438
20750 0.0020602869535729517
20800 0.001981163246067851
20850 0.0021890799179758525
20900 0.0020776150122549194
20950 0.001953835516687572
21000 0.0019686797570507724
21050 0.0020074452963904496
21100 0.0019777369803647238
21150 0.001900649736154817
21200 0.001996351876979003
21250 0.0020279478239746316
21300 0.001911963799349236
21350 0.0020649858831264783
21400 0.0018692596912342498
21450 0.0017786760245220863
21500 0.004561818201619484
21550 0.00210821364528181
21600 0.001891485049811315
21650 0.0015575717979226234
21700 0.0020197169232222516
21750 0.0021290966509304255
21800 0.004804716095752228
21850 0.002279607007289668
21900 0.0016719170266540182
21950 0.002966793188933649
22000 0.00175611143428786
22050 0.0015966335566100175
22100 0.004798250806326695
22150 0.0019238711227085213
22200 0.0019689201297778953
22250 0.0018345240613158026
22300 0.001610789461213152
22350 0.0019049742060316354
22400 0.0021492215247967995
22450 0.0021849653572573817
22500 0.002022471160212046
22550 0.002526966925841172
22600 0.0017351286300987222
22650 0.0033928790934116
22700 0.002287029487872927
22750 0.0018507101540477726
22800 0.0016011239586958097
22850 0.001967626753817192
22900 0.003223406606133255
22950 0.0017016946454207543
23000 0.0018408894398929824
23050 0.002066242860895325
23100 0.0018218385575317878
23150 0.0016964308832244286
23200 0.001695969209187626
23250 0.0018184302621364063
23300 0.003241728217483551
23350 0.0015857769593088692
23400 0.0021390038483705773
23450 0.0027515184846631856
23500 0.00152151785986975
23550 0.0021021438952332056
23600 0.0014978850767078298
23650 0.002097297996854731
23700 0.0021585347566092324
23750 0.0016362929807214868
23800 0.002010388953503095
23850 0.0016598233273800922
23900 0.003478024996683673
23950 0.001797463761027647
24000 0.001415939215515811
24050 0.005603009399672342
24100 0.0014713056780768822
24150 0.0015762202015541802
24200 0.0017484524428197465
24250 0.0018503111937057278
24300 0.0027346103692328467
24350 0.001347080259086379
24400 0.0025105046923345207
24450 0.004271596232786445
24500 0.0031916186015195935
24550 0.0016168362343529526
24600 0.00148978046348733
24650 0.0013524610155012354
24700 0.0022554684605816315
24750 0.001452739138920019
24800 0.0016557091114742812
24850 0.001625420437507211
24900 0.001465091919333626
24950 0.0017606134473406071
25000 0.0014784741451509304
25050 0.0015591672292133135
25100 0.0016500751736213863
25150 0.0016368672188521558
25200 0.0015165838859037654
25250 0.0016578155937475893
25300 0.0016348253792652912
25350 0.001546123464922677
25400 0.0015864201890251014
25450 0.0016187027386556669
25500 0.0015027260398899982
25550 0.0016130186391038917
25600 0.0016396946711324729
25650 0.00155871976165584
25700 0.0015156298612196985
25750 0.0016335202512315341
25800 0.0015628829653095368
25850 0.0015866272117662668
25900 0.0017369924753890518
25950 0.0015312155029641068
26000 0.0014723865025371272
26050 0.001580790231326766
26100 0.0015553820113105806
26150 0.0015428199103379356
26200 0.0016678371295744724
26250 0.0015001194740577196
26300 0.0016794449741809143
26350 0.0015812751285530487
26400 0.002461964647376834
26450 0.002360423242799777
26500 0.0013782796393991016
26550 0.002917838808016029
26600 0.0017281470867279117
26650 0.0016431074814350684
26700 0.0013914451132801442
26750 0.0013375368212148677
26800 0.00135320671388032
26850 0.0024683832447773496
26900 0.00182580415132293
26950 0.0018573741247015383
27000 0.0017424449478341667
27050 0.0012531671509010858
27100 0.001731671526440158
27150 0.0017678609313624954
27200 0.001441346296606741
27250 0.002188915806056508
27300 0.0022518571331593194
27350 0.0012940015429013013
27400 0.0015479214900506245
27450 0.0015857026495797513
27500 0.0012955036946127167
27550 0.0014246602294539906
27600 0.0022972056588990942
27650 0.0015429954859457063
27700 0.0020958828652524624
27750 0.0013622916283973889
27800 0.0015857225352225582
27850 0.0020391447797724373
27900 0.0014183972339970974
27950 0.0014179623298603413
28000 0.001654415025828365
28050 0.001567101355996592
28100 0.0013023329469606377
28150 0.0014296582832738582
28200 0.0016785689601137744
28250 0.0016916982263095477
28300 0.0013880565389105275
28350 0.001324983042297184
28400 0.001453023095831537
28450 0.0014962767112461732
28500 0.0013281524243247585
28550 0.0015983540966115549
28600 0.001796480297177286
28650 0.0021651395968962533
28700 0.0011968046513160123
28750 0.0014272512458770202
28800 0.002278153661517323
28850 0.0015143413984956004
28900 0.0014421548897282075
28950 0.002104779189670896
29000 0.0014240745513233672
29050 0.001446534175002324
29100 0.0026755984749577606
29150 0.001185436486267803
29200 0.0015864444558525335
29250 0.003845042850806147
29300 0.001476347318855525
29350 0.0014104760186078621
29400 0.0013123525189106557
29450 0.0013795322168601814
29500 0.0012076038321636243
29550 0.0012944839768069493
29600 0.0025599054174594896
29650 0.0012826385725854632
29700 0.0012729901064509033
29750 0.0013107582798307497
29800 0.001288297459940681
29850 0.0013757547026171458
29900 0.0012113629403215254
29950 0.0011827796141120018
30000 0.0016242867242794695
30050 0.0012813711446760705
30100 0.0013511934119067295
30150 0.001283120157568941
30200 0.0013195151329628868
30250 0.0013672073779400211
30300 0.0013000107366480044
30350 0.001357490777893649
30400 0.0013677467260105787
30450 0.0013166353664516906
30500 0.0013266885255869374
30550 0.001207771406550444
30600 0.0013267293789100247
30650 0.0014052076591832083
30700 0.0012668912713726282
30750 0.001262041055764169
30800 0.0013695004722496691
30850 0.001275837024083894
30900 0.0013123900151238378
30950 0.0012766648666409904
31000 0.0013416402179148087
31050 0.0013965639074275838
31100 0.0013151798415017187
31150 0.001477750104339419
31200 0.0012733697124716246
31250 0.0012799370125792828
31300 0.001266687079545204
31350 0.001399044693677317
31400 0.0013214543457283647
31450 0.0012732186618917617
31500 0.0012846604060396739
31550 0.0011928093688357737
31600 0.001613547416088294
31650 0.0014064182732969
31700 0.0011694682019914953
31750 0.001315609610706866
31800 0.0019407439716904716
31850 0.001231438945354508
31900 0.0014131362564406204
31950 0.0011515597493599258
32000 0.0013249404354562023
32050 0.0013872302826229968
32100 0.0012200750399808133
32150 0.001245968865319019
32200 0.0013904057622658823
32250 0.0013255975954259264
32300 0.0010970046861497019
32350 0.0012624387563927525
32400 0.0014314136023056213
32450 0.0012360619767489596
32500 0.0012986265740853634
32550 0.0013340903972067794
32600 0.0016750615860757132
32650 0.0012623290086845184
32700 0.0013472029362404314
32750 0.0016037138717907807
32800 0.001780853091656026
32850 0.001434724444831243
32900 0.0011652180865056108
32950 0.0011899945673265779
33000 0.0015071069370655114
33050 0.0013363097479567544
33100 0.001266745990042451
33150 0.0012282104727586885
33200 0.0012436461177643403
33250 0.0012478835278191033
33300 0.0013084947809361926
33350 0.0018649995917123952
33400 0.001351268821506126
33450 0.001151427620080977
33500 0.001376875285909528
33550 0.0011640884989537552
33600 0.0011939244418052023
33650 0.0011798366217059505
33700 0.001526987798958821
33750 0.0015213528401990346
33800 0.001406638135438141
33850 0.0011693964107437195
33900 0.0012122118397895013
33950 0.0013234473839298436
34000 0.0013526521011714985
34050 0.0014906075082310205
34100 0.0011392975459873303
34150 0.0011909179602168124
34200 0.0014714175639058773
34250 0.0012399978950719984
34300 0.0011927623518863755
34350 0.0011402310677588216
34400 0.0010535823953073645
34450 0.0011769319041443215
34500 0.0011513539267649928
34550 0.0010839837541544608
34600 0.0014348421985057183
34650 0.0013133042551896636
34700 0.001125889003550518
34750 0.0010375489039287688
34800 0.0015335317528530697
34850 0.0014478304569365183
34900 0.001203571486356036
34950 0.0013288688032076542
35000 0.0014120518957061313
35050 0.0011999373074969455
35100 0.0012455694554969576
35150 0.0011546610692985588
35200 0.0011678759005530018
35250 0.001160967311860037
35300 0.0011252022384868783
35350 0.0011637609484103594
35400 0.0011198493313085923
35450 0.0011648798989856467
35500 0.0011576022170895948
35550 0.0012167438339084275
35600 0.001130619796210164
35650 0.001143832755634868
35700 0.0012168535954265786
35750 0.001163865438018596
35800 0.0011610847435988424
35850 0.0011152284769108457
35900 0.0011991099576323723
35950 0.0011338562191184549
36000 0.0011358036627873219
36050 0.0011191725529245962
36100 0.0011334148793438956
36150 0.0011668901127572608
36200 0.0011488465311296013
36250 0.0011612274737985834
36300 0.0011783895165999323
36350 0.0011908123611564544
36400 0.0011436720880142403
36450 0.0011814081237014318
36500 0.0010889568835044515
36550 0.0011783852041757112
36600 0.001068672018694153
36650 0.0011437492567206214
36700 0.001121999437724668
36750 0.0011774859465431007
36800 0.0011969874412537972
36850 0.001155393551570157
36900 0.0011808119012129289
36950 0.0011319885312514712
37000 0.0011595192564482783
37050 0.0011799837761568533
37100 0.001225175083367747
37150 0.0012199864092595372
37200 0.0011406366939549436
37250 0.0011289691492608496
37300 0.0010606172398914691
37350 0.001061620994626398
37400 0.0012279287237124481
37450 0.0011909956045436272
37500 0.0012058827029414823
37550 0.0012020989329938829
37600 0.0012307017432582395
37650 0.0011265347286164146
37700 0.0011176580426430092
37750 0.0011270795259515519
37800 0.0010575128572724974
37850 0.0010878573959676912
37900 0.001191191157994688
37950 0.0010850082526444038
38000 0.0011060267229700798
38050 0.0011010965061531287
38100 0.0011268624118805535
38150 0.0011489471437387344
38200 0.0010879122209186119
38250 0.001106035543601186
38300 0.0010920584479066498
38350 0.0012194857045266332
38400 0.0010814409390282236
38450 0.0010724475750919801
38500 0.0011542875708281733
38550 0.0011475288615072478
38600 0.0011164996094725755
38650 0.0010910782983373454
38700 0.0010590570314435747
38750 0.0012039503841980185
38800 0.0010589234673478226
38850 0.0013687889284729519
38900 0.0010891680869910118
38950 0.0013039527121855637
39000 0.0011300285162787777
39050 0.0010692083625909344
39100 0.0011382382663162117
39150 0.0010497149272198415
39200 0.0010314360239939287
39250 0.001078059148698487
39300 0.0011275117159394567
39350 0.0011235522173087317
39400 0.0011139761733503961
39450 0.001053910278200203
39500 0.0010711577464084482
39550 0.0010553653859990447
39600 0.0013169936041517339
39650 0.0010086051686953406
39700 0.0011798469567413515
39750 0.0011359982860053765
39800 0.0010381355495377705
39850 0.0011025516959970966
39900 0.0012130977107069443
39950 0.0012301524231329768
40000 0.0010425063228883737
40050 0.0010832585578573956
40100 0.0010865175841487946
40150 0.0010332545858431673
40200 0.001167444978213323
40250 0.0009577727372427468
40300 0.0010046213330693694
40350 0.0010781972601470327
40400 0.0010791843579819338
40450 0.0010855944974910827
40500 0.0011132988913832484
40550 0.0011215602491500404
40600 0.0010994603197415286
40650 0.0010308918939960065
40700 0.0009789276124083823
40750 0.001029141637839941
40800 0.0010960112924693652
40850 0.0010399876893579995
40900 0.0010834825936212275
40950 0.0010748647238109804
41000 0.0010875965901177374
41050 0.0010401187759475463
41100 0.0011031393007634152
41150 0.0010042713291417336
41200 0.0010320935215407732
41250 0.001049229526308171
41300 0.0010292450120202444
41350 0.0010408307685682587
41400 0.0010073098056242325
41450 0.0010539631259448923
41500 0.0010645640146727687
41550 0.001022511131483772
41600 0.001056549613701115
41650 0.00105052583358011
41700 0.0010730593468679334
41750 0.0010358359908458144
41800 0.000918720411180687
41850 0.0010451941683511685
41900 0.0010256545308941101
41950 0.001047637982369238
42000 0.0010423576241633413
42050 0.0011123801952441657
42100 0.0011231978329169533
42150 0.0010090768868826208
42200 0.0010857622126616724
42250 0.001081131054421846
42300 0.001032978776758933
42350 0.001117083169703292
42400 0.0011276195146862817
42450 0.0010857588378497976
42500 0.0010719434785820545
42550 0.0011049158862048703
42600 0.0010047107890699617
42650 0.0010624279149982062
42700 0.0009701982771070079
42750 0.001019969375218286
42800 0.0009747397457906675
42850 0.0010413986768988816
42900 0.001051654132237719
42950 0.001061094683367659
43000 0.0010123987971613726
43050 0.001017392175409727
43100 0.0010467900986238022
43150 0.001054803516638926
43200 0.0010831500530840228
43250 0.0010145910291647835
43300 0.0010611375695513223
43350 0.0009965708037031789
43400 0.0010967320781501678
43450 0.001060886970369496
43500 0.001042770640381923
43550 0.000991138773334047
43600 0.0010089270741257851
43650 0.001057062122381671
43700 0.001054826092066815
43750 0.001004182273317165
43800 0.0009933582781748319
43850 0.0009985330177113094
43900 0.0009683578660502996
43950 0.00092814117586072
44000 0.0010393784213666426
44050 0.0009902991316702373
44100 0.0009591374923994083
44150 0.0010175615860384464
44200 0.0009502832974674165
44250 0.0010511571959411284
44300 0.0009236862149821383
44350 0.0009606071516510595
44400 0.0009489326039024458
44450 0.0009693704307325
44500 0.0009615697573307137
44550 0.0010072674625989865
44600 0.0009215027296288145
44650 0.0010214024211219566
44700 0.0009633950024102127
44750 0.0009980791213591112
44800 0.0010965009446040586
44850 0.0010202167212673054
44900 0.000958779600938296
44950 0.0010548858267063809
45000 0.0010668536218808003
45050 0.001024833833075753
45100 0.0009582330521007054
45150 0.001095417759471746
45200 0.0009991166799345988
45250 0.0010163299057554703
45300 0.0010826718800849072
45350 0.001031133640683414
45400 0.001008847056353375
45450 0.0010290516142023888
45500 0.0009768950590988434
45550 0.0009805033603971572
45600 0.0009241548554265816
45650 0.0010584722192405484
45700 0.0009530995831427975
45750 0.0010304363244131643
45800 0.0009650945080960847
45850 0.0010051018044084862
45900 0.000989761321584289
45950 0.0009990507898792519
46000 0.0009922134474025287
46050 0.0009818984043982691
46100 0.0009773219231792223
46150 0.0009832941457677553
46200 0.001025641154099271
46250 0.0010072633509208308
46300 0.0009874669227571567
46350 0.0009804332531323527
46400 0.0009338787283781258
46450 0.0009835375661081068
46500 0.0010083472771596528
46550 0.0010626150243171005
46600 0.0009722789996355841
46650 0.0009906987565920244
46700 0.0010284787810137719
46750 0.0009603157259014467
46800 0.0009662649401832122
46850 0.000988273385713878
46900 0.0009846614788797715
46950 0.0010232063182102349
47000 0.0009910455637442527
47050 0.0010100034867128699
47100 0.0009906888648242816
47150 0.0009802585964820982
47200 0.0009542133474129941
47250 0.0009662640205431649
47300 0.0009845139258094862
47350 0.0009527407756111642
47400 0.000990669064328361
47450 0.0009937684324836348
47500 0.0008715384084200541
47550 0.0009463704215525009
47600 0.000983653651991897
47650 0.0009518277566744531
47700 0.0010001132219172296
47750 0.0009328540974539568
47800 0.000991599334749539
47850 0.0009929325867882866
47900 0.0009893711260759552
47950 0.0009301754151093615
48000 0.0009430628372429472
48050 0.0009373150944069865
48100 0.0009401723188683381
48150 0.0009769310833774986
48200 0.0008809310862567088
48250 0.0009232440130007466
48300 0.0009685270007071062
48350 0.0009827388501087843
48400 0.0009162892986995834
48450 0.0009319675328901448
48500 0.001024894301559012
48550 0.000890558270043173
48600 0.0009361305249894218
48650 0.0009856586303462129
48700 0.0009682915648133218
48750 0.00100662514497595
48800 0.000980084965429627
48850 0.0010311814082407346
48900 0.0009837467914135276
48950 0.000936676794904945
49000 0.0008967922347853833
49050 0.0009446814346747559
49100 0.0009336602014868368
49150 0.0009611622724089157
49200 0.0008758557250583179
49250 0.0008969248185150386
49300 0.001017403171360836
49350 0.0009795720576174375
49400 0.0009638499575502253
49450 0.0009090434979396615
49500 0.0009522377282571089
49550 0.0009340999268640098
49600 0.0009830221363190466
49650 0.000924751315406085
49700 0.0009261620524584416
49750 0.0009973559745526108
49800 0.0009807085335795996
49850 0.0009730789183292679
49900 0.000944572082387738
49950 0.0009791655140567487
50000 0.0010055679341414295
