50 0.15058448214059986
100 0.15839251933424542
150 0.16870691360565937
200 0.12285724222722277
250 0.10727606697021327
300 0.09586140980460128
350 0.08361676244702904
400 0.07834565596292595
450 0.13671477709624666
500 0.0611922522807642
550 0.053498052525958566
600 0.06849820802332267
650 0.09915538218422681
700 0.05525119741674994
750 0.04130954123259152
800 0.10682186975727188
850 0.03614765651447315
900 0.031112389297537037
950 0.042151548280309835
1000 0.029029991628062555
1050 0.03314542105862228
1100 0.13015002740482964
1150 0.028419528564827063
1200 0.026375395163792996
1250 0.028675742038932934
1300 0.03192523965849048
1350 0.03577025203039533
1400 0.023442868312508885
1450 0.02389460927516812
1500 0.022703051883052765
1550 0.03941415964314101
1600 0.0220428039363785
1650 0.06129067822171923
1700 0.020498856611144353
1750 0.020371721600036866
1800 0.02211012424593803
1850 0.019805066662206026
1900 0.023214235327731814
1950 0.025865924139609097
2000 0.0204890624990001
2050 0.019459970945558736
2100 0.026393134066941153
2150 0.018384029406747902
2200 0.022787712391120835
2250 0.023541531630081686
2300 0.018119790248680153
2350 0.016658157122020262
2400 0.05133403783606463
2450 0.023527295309641153
2500 0.018713938055156264
2550 0.01738958655648309
2600 0.01751917896123675
2650 0.018191701595062018
2700 0.017006631095173284
2750 0.0160898058283907
2800 0.0149533241789806
2850 0.07942434711171009
2900 0.01674167068576734
2950 0.014977334064351635
3000 0.027060904386843918
3050 0.016333167860528193
3100 0.015464740911648253
3150 0.014924447012390558
3200 0.029566142687878345
3250 0.014596057867727353
3300 0.037885694316168776
3350 0.014503950787891746
3400 0.014571587180514675
3450 0.025084091317923708
3500 0.016211561280903758
3550 0.014338068056210844
3600 0.015101747988165212
3650 0.013740206341382006
3700 0.013904506550345617
3750 0.05739228624725166
3800 0.014772875650668574
3850 0.015757688208803897
3900 0.026283106619834865
3950 0.014635240053919422
4000 0.014093718824173124
4050 0.013058962856833518
4100 0.01338160498916959
4150 0.04065874036647893
4200 0.012530903447484684
4250 0.014022011572685834
4300 0.013057334790686976
4350 0.012773813956802344
4400 0.022881775615994672
4450 0.016150695678382496
4500 0.012726771882902842
4550 0.011756438010602778
4600 0.03688852421533993
4650 0.013880854724044982
4700 0.017223200586857605
4750 0.01728358471484527
4800 0.014444336336074264
4850 0.03368971584143231
4900 0.011551749703257168
4950 0.011259761118097369
5000 0.011290806966578934
5050 0.010560579652097732
5100 0.011223264358986716
5150 0.010148897127872326
5200 0.010792199263150818
5250 0.010966587575619623
5300 0.009972258882806218
5350 0.010148309923901056
5400 0.009913392275872894
5450 0.010515320059432183
5500 0.009690645361822436
5550 0.009589720320508102
5600 0.009455798770741933
5650 0.009717858712565426
5700 0.009764128375425871
5750 0.008769392284674217
5800 0.008772062262314763
5850 0.008585836789298962
5900 0.008291895158343374
5950 0.008229954167342806
6000 0.008432661649558179
6050 0.008384006963661473
6100 0.008689849087090596
6150 0.008042226717568818
6200 0.007614549798997875
6250 0.008057411511428691
6300 0.0071278125328299415
6350 0.01381093220944281
6400 0.008030038632542959
6450 0.008914598761248563
6500 0.009203706844328554
6550 0.007556722337787509
6600 0.00825861681848868
6650 0.007444385803003923
6700 0.008317562363345484
6750 0.028407108348836883
6800 0.007510749307042834
6850 0.007263158476520053
6900 0.015857588889917187
6950 0.007777155113153821
7000 0.007103302415208427
7050 0.007347468759906872
7100 0.0063872380972293955
7150 0.006560925513959038
7200 0.006383891504284109
7250 0.007551437577686308
7300 0.005967937536583879
7350 0.00843769851174665
7400 0.039450814534501916
7450 0.006500699427585663
7500 0.00761669740264773
7550 0.006637096117770143
7600 0.018209308218580814
7650 0.00920605558402482
7700 0.008497828088786555
7750 0.03623121040585225
7800 0.007345811122032033
7850 0.008213527236196779
7900 0.019523996308007625
7950 0.006022679085063002
8000 0.009736724744581803
8050 0.008282352829665473
8100 0.006765091197495034
8150 0.0061123520022369595
8200 0.008284225166531807
8250 0.0074397981329322425
8300 0.00630793327230399
8350 0.00606886137529398
8400 0.03070406413133109
8450 0.007902519865672157
8500 0.013687299896911765
8550 0.006268630625594706
8600 0.014276828632391093
8650 0.006266172318279937
8700 0.020547732978254785
8750 0.0060132252104364466
8800 0.006063970967660069
8850 0.006054780690332876
8900 0.005921152890800332
8950 0.01878975342463388
9000 0.005897275962686712
9050 0.0062572525074395015
9100 0.006335303825660287
9150 0.006153929808018667
9200 0.03583287694359677
9250 0.005889581961543154
9300 0.005613666971215336
9350 0.022084894579666833
9400 0.005509578884630161
9450 0.00608688374797015
9500 0.009028659539222876
9550 0.013293151824617214
9600 0.0059711771145106035
9650 0.00570148844009263
9700 0.005666229645236598
9750 0.004896402969411113
9800 0.021537803955293817
9850 0.006671509024507994
9900 0.005591032646824256
9950 0.006096282351873307
10000 0.038962362969698836
10050 0.004767246289623194
10100 0.0054518790721146985
10150 0.005453579758185773
10200 0.00553590224910581
10250 0.0054181300429926305
10300 0.005154737850469181
10350 0.005396615044359758
10400 0.005183776642635189
10450 0.0054312068968017675
10500 0.005724439622725608
10550 0.005414193784288789
10600 0.005023293087976902
10650 0.005256992929425034
10700 0.004976153602746344
10750 0.004872176255187764
10800 0.0047835019426036
10850 0.004624724807219211
10900 0.004870041770046751
10950 0.005130788271815129
11000 0.004816640519500596
11050 0.004432360340184978
11100 0.00468214136276869
11150 0.004723983742900115
11200 0.00420014227908028
11250 0.004172100109031661
11300 0.004416626121479359
11350 0.004208116014450569
11400 0.004899579698677319
11450 0.004037130264775134
11500 0.004449308739651043
11550 0.004496847009586012
11600 0.004041955995222514
11650 0.007546063884758711
11700 0.004965774265995339
11750 0.00403098541360668
11800 0.010128504515606575
11850 0.0036075039324743666
11900 0.004111905729884218
11950 0.004261085780646804
12000 0.00901693164121902
12050 0.004569348379882804
12100 0.0032740008385740995
12150 0.008769839455686237
12200 0.004488060580347282
12250 0.0035940617931197122
12300 0.003100259215897271
12350 0.01222527228309981
12400 0.0040238412069733085
12450 0.0031869153737380785
12500 0.016056030876627044
12550 0.0038645915309240262
12600 0.0037646828734040076
12650 0.004403979409236164
12700 0.0036187413588109453
12750 0.01147890954663262
12800 0.0032116476508188057
12850 0.00372120314904113
12900 0.0042185177869050626
12950 0.035908173012470436
13000 0.004473940449493513
13050 0.003731060287489737
13100 0.0033742725276479273
13150 0.0037285184907395004
13200 0.0029213338162457085
13250 0.010736336070017243
13300 0.0033656110165624304
13350 0.0032940263300261707
13400 0.003426606867555385
13450 0.004179473728101196
13500 0.002574312089726669
13550 0.0038318884064032256
13600 0.004535014782595327
13650 0.0037007441563786337
13700 0.004883287304142239
13750 0.002796129613190601
13800 0.0034596996666642274
13850 0.003292614392420231
13900 0.004870897695696478
13950 0.002554643488306154
14000 0.0033761362581718477
14050 0.004463094358352343
14100 0.0034485155194883647
14150 0.0034711239924580485
14200 0.002858952986029334
14250 0.002680731907662099
14300 0.004941284128870363
14350 0.003291098605386383
14400 0.002849525933901128
14450 0.015765835009531475
14500 0.0026210422521749056
14550 0.0028686914004341832
14600 0.0028447578849515437
14650 0.019039468490043527
14700 0.002393252113395406
14750 0.0025972328416708737
14800 0.00299590267232862
14850 0.005658833618065509
14900 0.002367126966371158
14950 0.006118574958663355
15000 0.0031799757382784065
15050 0.0027409716018990467
15100 0.0026851106508030743
15150 0.0028157735922714434
15200 0.0027868585419643242
15250 0.0027715035780747745
15300 0.0028065929412894935
15350 0.0027129605716455026
15400 0.0027067162245111944
15450 0.0027298405710114194
15500 0.0028292546405102622
15550 0.002545079228617395
15600 0.0026334384784743696
15650 0.0025398988281823734
15700 0.002710384373052037
15750 0.002578253336365106
15800 0.002443308637828788
15850 0.002368288929572342
15900 0.0024466102229391863
15950 0.0027464522733304944
16000 0.00255694120165283
16050 0.0023882302657766696
16100 0.002547182196144318
16150 0.002333800186638162
16200 0.0025277502378447526
16250 0.002614783300849825
16300 0.002337648057592245
16350 0.00240602086293756
16400 0.0024483575912795895
16450 0.001957232320480474
16500 0.01185318657462374
16550 0.0020320175314874366
16600 0.002393526319158838
16650 0.0023906590391038316
16700 0.002358646031113372
16750 0.007694353876737232
16800 0.003412770269006254
16850 0.006138672149357133
16900 0.0017197681920428024
16950 0.0021229321743028925
17000 0.0022805217321425933
17050 0.0028452098521604212
17100 0.0031540582068758463
17150 0.002536004609999221
17200 0.005650100110432401
17250 0.001861664102580178
17300 0.001642356187802031
17350 0.00637740698462412
17400 0.0016639415547940277
17450 0.0025004438661420055
17500 0.002407075627930369
17550 0.0018827005622978705
17600 0.0030432504095799784
17650 0.002285220758944802
17700 0.0021742352992470365
17750 0.0021079084108806805
17800 0.0022156583373988663
17850 0.002186210878882583
17900 0.001866259819896939
17950 0.0016448016155664836
18000 0.002080158412389494
18050 0.0021327984808513696
18100 0.0023005591426822247
18150 0.004293704132827168
18200 0.0021288004043725182
18250 0.0021282936416114947
18300 0.004710332207926641
18350 0.0017966558030185723
18400 0.0021124632446844756
18450 0.0020622306256247815
18500 0.002189846234540989
18550 0.002290105258205553
18600 0.0024602921375944356
18650 0.0031843546046850728
18700 0.0020596646867626937
18750 0.0019006364414908758
18800 0.0022761976108112624
18850 0.00844949300423586
18900 0.0015412328047891522
18950 0.0015387924762512795
19000 0.008953603943666979
19050 0.0017835636287777358
19100 0.0018917994912273136
19150 0.0026906492300086695
19200 0.003021964364302265
19250 0.00177182720418175
19300 0.0015347392535804678
19350 0.0016857439454387787
19400 0.0024398050660291203
19450 0.002017717478508489
19500 0.006055276219558712
19550 0.001980396037437103
19600 0.0017755503242909997
19650 0.001384582211964084
19700 0.002679875796793107
19750 0.002044743632295196
19800 0.0018853910217023616
19850 0.0017624752086265471
19900 0.0017473616271984275
19950 0.0025281923457619385
20000 0.001802585732381872
20050 0.0017992515039079173
20100 0.0018589313061905621
20150 0.0017463935893243857
20200 0.0018203170919540647
20250 0.001787176433497432
20300 0.0017744853032838313
20350 0.0018360720752585214
20400 0.0017825703050246883
20450 0.001627260343215646
20500 0.0017436463921830202
20550 0.0016181666817227972
20600 0.0017448062454371814
20650 0.0017536654863771414
20700 0.0017175057314511885
20750 0.0017408173150412912
20800 0.0016881450961043804
20850 0.001785054398263162
20900 0.0016553607393255763
20950 0.0018478398155072036
21000 0.0016268873499084774
21050 0.0017082304443825265
21100 0.0016989624764342536
21150 0.001752184631977597
21200 0.0017953532294469772
21250 0.0016146529895830408
21300 0.0016749982746186822
21350 0.0015915746971875621
21400 0.0014968481844578776
21450 0.003493234906941246
21500 0.0015918038584269566
21550 0.001371757759757636
21600 0.0017280792147815942
21650 0.001547242852126702
21700 0.002060531091214315
21750 0.003300226259549068
21800 0.0016055928827060763
21850 0.0012972199348378164
21900 0.002231837413741009
21950 0.0015748807786050414
22000 0.002041173021218796
22050 0.0020035025118958524
22100 0.0017785260651086644
22150 0.0023013514854132605
22200 0.0018497403426310653
22250 0.0012538766881781572
22300 0.003960176214013235
22350 0.0014484382021462917
22400 0.0015808978152941219
22450 0.0026824080195204307
22500 0.0018116526569927963
22550 0.0013902292421387797
22600 0.0015811279875460056
22650 0.002166169977730486
22700 0.0012697435061639515
22750 0.0016146220290240891
22800 0.0014301454833922952
22850 0.0021724206921258297
22900 0.0014768243006396257
22950 0.0017806913722645654
23000 0.0015725790442801973
23050 0.001202748375049558
23100 0.004268286029188036
23150 0.0018883669547767531
23200 0.0014349807845844902
23250 0.001190573325710517
23300 0.0012057273372587116
23350 0.001757205267754967
23400 0.0034678215123361616
23450 0.0014540815940215007
23500 0.0025498913795749473
23550 0.0011561117949449673
23600 0.0012729370966648268
23650 0.0024421924499973355
23700 0.0012450552850577323
23750 0.0017743012552072323
23800 0.0027759381635241156
23850 0.0016751651980996222
23900 0.001803298368109375
23950 0.0014240728335660614
24000 0.0028853394053780963
24050 0.00178905493139932
24100 0.0016948654714157155
24150 0.0022719653001233944
24200 0.0012755023533258263
24250 0.0012265992888310813
24300 0.002934937808121029
24350 0.0022773108329785462
24400 0.0023613636120873444
24450 0.0023006437153774797
24500 0.004434808199114123
24550 0.0017268968690773965
24600 0.0012413973114242726
24650 0.0012123559633034926
24700 0.006267404511826428
24750 0.001557930180957227
24800 0.0012684756639086878
24850 0.0017290993506768502
24900 0.0014293414765178271
24950 0.0014471920222977833
25000 0.0014724946788357749
25050 0.001390496412806966
25100 0.001329998766664511
25150 0.001392032859391716
25200 0.001339340441855433
25250 0.0013595928636022045
25300 0.0014085453009789676
25350 0.0014033113796601982
25400 0.0013810774212147119
25450 0.0013704293583995013
25500 0.0013382644588460716
25550 0.0014433477578912166
25600 0.0013420395106731934
25650 0.001360803469796792
25700 0.0013177156980902893
25750 0.0012965321676228678
25800 0.0012703778619698224
25850 0.0012967876351417085
25900 0.0011952004245898865
25950 0.0012976130381642803
26000 0.0013275340888257653
26050 0.0013255659792494883
26100 0.0014441602528668773
26150 0.0012575975041780082
26200 0.0013360879758714504
26250 0.0012703476049153763
26300 0.0012601036782794578
26350 0.0012319254708337763
26400 0.0013062875276834951
26450 0.001571604336142826
26500 0.0013004411954248704
26550 0.0012683034017162986
26600 0.0037772694273882587
26650 0.0015208316424438412
26700 0.0012130650494667499
26750 0.0011952202527766855
26800 0.0013271543490459275
26850 0.0012317513695142438
26900 0.0011680735779249505
26950 0.002298649080827941
27000 0.0012884134414400843
27050 0.0017188727575676993
27100 0.0017321798572709492
27150 0.0011302821452561851
27200 0.0018426535711858548
27250 0.0010765664128933648
27300 0.0013208254133313853
27350 0.0011851180738726786
27400 0.0015882309454660936
27450 0.0017296226643379348
27500 0.001200277106389639
27550 0.0013341045681275383
27600 0.0012460224842090115
27650 0.001153463501246057
27700 0.001095634031440537
27750 0.001414162136203649
27800 0.0019528417254927408
27850 0.0010791621627491029
27900 0.0012650857301774992
27950 0.0011779376261785088
28000 0.0015208011453972554
28050 0.001147884266486035
28100 0.0017800866645569084
28150 0.001224731768486252
28200 0.0011726859137958516
28250 0.0011181192120018264
28300 0.0013317877763391998
28350 0.0017115212946120578
28400 0.0011567132885422608
28450 0.0015604299452478538
28500 0.0020005708918214116
28550 0.0010853950686506519
28600 0.0011036747163100157
28650 0.001418863281630375
28700 0.001940363316394903
28750 0.001279724202647015
28800 0.0012897677965457142
28850 0.0012259671684427668
28900 0.0010842585508199823
28950 0.0010615025888693443
29000 0.0013283155085365658
29050 0.0010338720850515924
29100 0.0013953701815557534
29150 0.0010856871362536298
29200 0.001169361920450944
29250 0.0010872900263583602
29300 0.0010474387889313158
29350 0.0010736547512197768
29400 0.0012803440563281135
29450 0.0019253206944093507
29500 0.00119562348010872
29550 0.0011846706887020343
29600 0.0011586812443464952
29650 0.0018587851378001222
29700 0.0011079946983523668
29750 0.001048107246381902
29800 0.0012898982784250133
29850 0.003807095052173754
29900 0.0013205509031488797
29950 0.0012299089223857488
30000 0.0010914319921711915
30050 0.0011383309453313957
30100 0.0011810973713386745
30150 0.0011255573593371726
30200 0.001253031973627514
30250 0.0011574986965766838
30300 0.0011635753787807763
30350 0.0011601804773823808
30400 0.0010907860489147872
30450 0.0011333129509967386
30500 0.0011318095942461567
30550 0.0011505403769064423
30600 0.0010776745269552484
30650 0.0010891339762649896
30700 0.0012167312840870236
30750 0.001118353461302011
30800 0.0011137749941582352
30850 0.0010769406214195011
30900 0.0011794779725065071
30950 0.001082632747804777
31000 0.0011817451146553882
31050 0.0011775272575065437
31100 0.0012361701552341215
31150 0.0010522013511182358
31200 0.0011948891690443087
31250 0.0011832977597634657
31300 0.0010770998947013158
31350 0.0011263708170181786
31400 0.0011202349141985898
31450 0.0011191053058080813
31500 0.0010880218731504567
31550 0.0013143451287213862
31600 0.0010089339076628963
31650 0.0011960322355226702
31700 0.0011383275135090076
31750 0.0009846567416565404
31800 0.0011068904350449338
31850 0.0012514645424247942
31900 0.0009841863932498443
31950 0.001013055489261849
32000 0.0010792615132416182
32050 0.0010899456278597025
32100 0.0010667403375610792
32150 0.0018327637851946786
32200 0.0013278079800157954
32250 0.00109883114574977
32300 0.001328403788848572
32350 0.0010067372538487415
32400 0.0010074082914838388
32450 0.0010066959830102077
32500 0.0009901447830155524
32550 0.0016211240448503364
32600 0.0010257239060628017
32650 0.0009779374020578648
32700 0.00162228692462181
32750 0.0011428625920888657
32800 0.0016781020592871617
32850 0.001024727011869297
32900 0.0012132818617356668
32950 0.001267043810953947
33000 0.0011985015571341223
33050 0.001074756957165407
33100 0.0011721181970930736
33150 0.001861497455808781
33200 0.0011440814107552886
33250 0.0009038649219179404
33300 0.0009680435763911714
33350 0.0012706226162224393
33400 0.000993872062472542
33450 0.0010319377401160211
33500 0.0019981922529785268
33550 0.0010743370821084395
33600 0.0009589477146472673
33650 0.0011878285622831599
33700 0.0010727761914496158
33750 0.0010232325757762882
33800 0.0011509625764889984
33850 0.001080375808926379
33900 0.0009959285881932746
33950 0.0009181870430650782
34000 0.0011173862758699046
34050 0.0010628128825089234
34100 0.000978404514313119
34150 0.0010366112632759755
34200 0.0010660773213089058
34250 0.0010063374030883233
34300 0.0008894869410820908
34350 0.0009238754575136116
34400 0.0010089088965438162
34450 0.0010016834514688776
34500 0.0009880413559397662
34550 0.000994776092859091
34600 0.0009519652673700061
34650 0.001053442418671008
34700 0.0011073506363792995
34750 0.000934556940761593
34800 0.0009614229928693205
34850 0.0009370718904748455
34900 0.0011499878123653793
34950 0.0010902693003089791
35000 0.0008922270661385809
35050 0.0010665166818400534
35100 0.0009099171752517638
35150 0.0009472727921304582
35200 0.0010578423073479303
35250 0.0010717609171297462
35300 0.0010386063731379126
35350 0.0010282062626409268
35400 0.0010056730794209803
35450 0.0009848886312542944
35500 0.0010541072075336908
35550 0.0009763565131060411
35600 0.0010094019238132126
35650 0.0009360120677094272
35700 0.0009622769811679066
35750 0.0009760170148215417
35800 0.0009967266472118855
35850 0.0009477199435082161
35900 0.0009204420878702682
35950 0.0009718974430222246
36000 0.0010227305931687397
36050 0.0010457701616398071
36100 0.0008886370646038951
36150 0.000934323134935345
36200 0.0009618324430159124
36250 0.001016908613560242
36300 0.0010571004060426408
36350 0.0009614556032567237
36400 0.0009228226954105731
36450 0.0010241955229748241
36500 0.0009751497944210159
36550 0.001015392506278943
36600 0.0008395262802171439
36650 0.0009771187033974533
36700 0.0009847952774875953
36750 0.0010347476538915934
36800 0.0009442377428875929
36850 0.0009926491374437003
36900 0.0010262889491262969
36950 0.0009356551338360396
37000 0.0010795288344385718
37050 0.0009179518444145597
37100 0.0010672658770078587
37150 0.0009475570608203126
37200 0.0010516977652102958
37250 0.0008775324185593989
37300 0.0009343291282626353
37350 0.0008766718159576989
37400 0.0009338506097481873
37450 0.0011168015535390364
37500 0.0008816314176349041
37550 0.0009471327212831318
37600 0.0008740757899840641
37650 0.0010209935766725216
37700 0.0009138725434596174
37750 0.0009925602110073956
37800 0.0008611476680169493
37850 0.0008576382034211422
37900 0.0008995852327145594
37950 0.0008407790696845199
38000 0.0009303493394950945
38050 0.0008754257940135575
38100 0.0013210866513286251
38150 0.0009422523030474461
38200 0.001071272507796836
38250 0.0009077111420407332
38300 0.0008293213459573485
38350 0.0011110523380134009
38400 0.0008572994674221955
38450 0.0009054112389774087
38500 0.001014444400700391
38550 0.0008225544151698267
38600 0.001061032911063985
38650 0.0008983953827030191
38700 0.0009931665503843316
38750 0.0008215434188689516
38800 0.0010085413108826494
38850 0.0008961722987542506
38900 0.0009421526492787121
38950 0.0008555882150744377
39000 0.0008810684050573923
39050 0.000893581523709568
39100 0.000993206196838325
39150 0.0009543774686734666
39200 0.0009203570421684852
39250 0.0008734176241219091
39300 0.0009875170166367571
39350 0.0009846564424671085
39400 0.0008359721781991757
39450 0.0011284222995481357
39500 0.0009470181970406389
39550 0.0008522790786964294
39600 0.0007655557263140248
39650 0.0008970703641989023
39700 0.0009365923399982251
39750 0.0009134429707355377
39800 0.0008581402646536613
39850 0.0009657726391911308
39900 0.0007433537772718214
39950 0.0009283513489632927
40000 0.0007561397636648229
40050 0.0009024177539450888
40100 0.0008818226378962392
40150 0.0009016880092859126
40200 0.0008839682160390928
40250 0.0008886736144812634
40300 0.0009242800757936334
40350 0.0009214601350688941
40400 0.0008707225312838791
40450 0.0009302255644407095
40500 0.0009007819426532627
40550 0.0008751953934186751
40600 0.000858483664128901
40650 0.0008499233630667152
40700 0.0008494151768258143
40750 0.0008624396968217491
40800 0.0008711997105781025
40850 0.0008394511742126855
40900 0.0009216255060551732
40950 0.000837289071018197
41000 0.0008897896054513184
41050 0.0008384377841988112
41100 0.0008607403080024089
41150 0.00086052246329165
41200 0.0008982533718021957
41250 0.0008854894655530968
41300 0.0008642468175349826
41350 0.0008584133792523683
41400 0.0008546372751576022
41450 0.0008689913432649108
41500 0.0009382494734375257
41550 0.00091296752397063
41600 0.0008343032612250488
41650 0.000868712165779904
41700 0.0008858416232543652
41750 0.0008847064289729285
41800 0.0009075585253132656
41850 0.0009459385878637151
41900 0.0009332377433628719
41950 0.0008549501411477181
42000 0.000870129337185245
42050 0.0007667132642644504
42100 0.0007834190534272507
42150 0.0009215696404453429
42200 0.0008987043222869576
42250 0.0007782549546064106
42300 0.0007612135173727059
42350 0.0008343250788444891
42400 0.0009547176233813203
42450 0.000771118703860358
42500 0.0008569913294466027
42550 0.0008269643926531527
42600 0.0008702797018726664
42650 0.0008271325378513643
42700 0.0009369276572414742
42750 0.0008602589281150344
42800 0.0008799112332086866
42850 0.000794456078393716
42900 0.0008733060093543647
42950 0.0008149017171702257
43000 0.0008323210405536043
43050 0.0008472163558536592
43100 0.0008120187708604137
43150 0.0007866709723645963
43200 0.0008343862955443702
43250 0.0007865136707630087
43300 0.0007714207909309947
43350 0.0008568804061585032
43400 0.0008852710935604923
43450 0.0008412061600629925
43500 0.0008217212393241819
43550 0.0007645024253545268
43600 0.000821171170898365
43650 0.0008193119046042339
43700 0.0008761828952973147
43750 0.0008245415963647098
43800 0.0008372024531574277
43850 0.0007429605971788609
43900 0.00084259021807695
43950 0.0007789860983473436
44000 0.000767398455359954
44050 0.00083337772647959
44100 0.000931955158662692
44150 0.0008805750226202135
44200 0.0010931930639535088
44250 0.0008326320008904302
44300 0.0008005898329388943
44350 0.0008208721826912403
44400 0.0009002225450688506
44450 0.0007565092760961706
44500 0.0008466717423064148
44550 0.0007688421880788152
44600 0.0008364199826788561
44650 0.0008401809249368997
44700 0.0007425580289827525
44750 0.0008683030262034606
44800 0.0007948849311279275
44850 0.0007915417212175593
44900 0.0008351348648535116
44950 0.0008869494270012091
45000 0.0008183494404619855
45050 0.0007982221196084306
45100 0.0007972409340507274
45150 0.0008281572957563868
45200 0.0008342853101284673
45250 0.0007939717760340681
45300 0.0008315708508014666
45350 0.0007819060378692925
45400 0.0007571257061670393
45450 0.0008418593312108965
45500 0.000872848635167396
45550 0.0007562780929782931
45600 0.0008234370176281058
45650 0.0008152941838367923
45700 0.0007892412842297874
45750 0.0008209571270435637
45800 0.0007620178506261295
45850 0.0008046648452203752
45900 0.0007836907338489114
45950 0.000831238921366572
46000 0.0007834937443510166
46050 0.0008687855442140041
46100 0.0008219468639264235
46150 0.000799653814238081
46200 0.0008420243502949343
46250 0.0007723550923039848
46300 0.0007390801690485478
46350 0.0007654758384798478
46400 0.0008173785613321477
46450 0.0007623480113465747
46500 0.0008382176370338824
46550 0.0007283949928772448
46600 0.0008302192001234964
46650 0.0008051705939029753
46700 0.0007741456244549798
46750 0.0008669188432215821
46800 0.0008398597250671599
46850 0.0007622044209436119
46900 0.0007707043769368387
46950 0.0008031176827922908
47000 0.0007845395688941364
47050 0.0007737499365609638
47100 0.0007973267145026997
47150 0.000766430130425028
47200 0.000860178169340695
47250 0.0007276344942436959
47300 0.0007482137147028867
47350 0.0008003757558353802
47400 0.0008815990497705041
47450 0.0008090984992116718
47500 0.0008017645989058617
47550 0.0007707374087533221
47600 0.0007570895240661905
47650 0.0007899687518172696
47700 0.0007889807041569082
47750 0.0008048678374762791
47800 0.0007759818942784281
47850 0.0007271594553823388
47900 0.000757070404754091
47950 0.000764718251876372
48000 0.0007787894561314454
48050 0.0007613149412658122
48100 0.0007753767849385475
48150 0.0007129136039070735
48200 0.0007861828681367037
48250 0.00074230643864188
48300 0.0008112173526307984
48350 0.0007878407121989962
48400 0.0008146938501788962
48450 0.0007777768185624998
48500 0.0007793644506647041
48550 0.0007918716219542243
48600 0.0007649101543677654
48650 0.0007419368409736527
48700 0.0007484810632868057
48750 0.0007081912359936947
48800 0.0007512660887078872
48850 0.0008098570856201723
48900 0.0007538847363721991
48950 0.0007385771840401745
49000 0.0007786123498994487
49050 0.0007527106829777811
49100 0.0007065512134200523
49150 0.0007673722944865707
49200 0.0007138115620321314
49250 0.0007885588749276211
49300 0.0007662882027557718
49350 0.0007014078896503039
49400 0.0007890290535088698
49450 0.000768296426082848
49500 0.0007664619272864842
49550 0.0008377591782060517
49600 0.000782346847665666
49650 0.000753853023644143
49700 0.0007868094888148419
49750 0.0008035831612918528
49800 0.0007594350311532156
49850 0.0007209881514346908
49900 0.0007346578808034522
49950 0.0007634338808035068
50000 0.0008188634689230956
