50 0.9855867886573829
100 0.579237796966219
150 0.4828723702124319
200 0.17132570142901565
250 0.1359775628883565
300 0.10922312859057996
350 0.1003572991322999
400 0.09662898715041812
450 0.09071594394702494
500 0.09010366925831952
550 0.08872350514895838
600 0.09853346281992563
650 0.10478260224635963
700 0.09130356220696031
750 0.08851976360391627
800 0.0820719585331417
850 0.08500674556060218
900 0.07995535646846802
950 0.075067829579605
1000 0.07699612576358512
1050 0.08017251079262162
1100 0.0727093151270342
1150 0.07215589417350697
1200 0.0750639005018773
1250 0.06840801292374775
1300 0.09085488621385332
1350 0.07292424504559936
1400 0.06450871857312364
1450 0.06188168221617164
1500 0.06108851641663396
1550 0.05617352360843003
1600 0.05750336193313652
1650 0.05538216319803235
1700 0.05714714458259837
1750 0.1037582154954138
1800 0.05130369741044207
1850 0.05290686298233821
1900 0.04717456655935576
1950 0.047970131026406085
2000 0.047428725943956467
2050 0.04989422661459616
2100 0.04546763345319048
2150 0.11878718518526103
2200 0.045840056687372364
2250 0.039508519669169
2300 0.041543467662307355
2350 0.040822119203741486
2400 0.038515015659118045
2450 0.04067005743603846
2500 0.052299714206723476
2550 0.03823197635383853
2600 0.03705989236092145
2650 0.03717469484216818
2700 0.03467351479703042
2750 0.034498761275627315
2800 0.043729111969897025
2850 0.03303115701010367
2900 0.03265530017879488
2950 0.030102192520166656
3000 0.05577042964947878
3050 0.029834412576824502
3100 0.026033888679045672
3150 0.024910525525653936
3200 0.06489559653071326
3250 0.02450714174363513
3300 0.02357882941625345
3350 0.021847212385851304
3400 0.022246765690370866
3450 0.024646262088362226
3500 0.022134044702484187
3550 0.02043917142982722
3600 0.020202263166305603
3650 0.019522769921705665
3700 0.01805720103879077
3750 0.025864486274207288
3800 0.017053525661342547
3850 0.01632891366183691
3900 0.023354935594289222
3950 0.01589654163411348
4000 0.01661567378459514
4050 0.015171206119017781
4100 0.013545030671326036
4150 0.027760784225894466
4200 0.015356667332801688
4250 0.014562827930223858
4300 0.015400910647216354
4350 0.022175664522624112
4400 0.015255861302675765
4450 0.013479725814356124
4500 0.012982273185829092
4550 0.013158035983681213
4600 0.012435940683782244
4650 0.01629967649566118
4700 0.014267329513803679
4750 0.02767500686699306
4800 0.012028578147465573
4850 0.012367155560104297
4900 0.011795869271269438
4950 0.020400271422622466
5000 0.011184680975530239
5050 0.012289449852588325
5100 0.012741158966080413
5150 0.012649766859046382
5200 0.011059607011464039
5250 0.011722102984752323
5300 0.010606294626159874
5350 0.011819215792143003
5400 0.011914609289676414
5450 0.011570950785364638
5500 0.011633056144333943
5550 0.012480948364323731
5600 0.01124686098884761
5650 0.011659978899591908
5700 0.011385366167220315
5750 0.011819363071731691
5800 0.011684604662435634
5850 0.01220996445750901
5900 0.011232980980436692
5950 0.01154945701681346
6000 0.011119718222799056
6050 0.012402264958813603
6100 0.01188920130085293
6150 0.011158118919635272
6200 0.011266815998225904
6250 0.011922243801969169
6300 0.011832765792534734
6350 0.012136832449361819
6400 0.011895932497837743
6450 0.01243568829039572
6500 0.011938014655934033
6550 0.01130029237577208
6600 0.012533055580450536
6650 0.012354649575693915
6700 0.012509952586639558
6750 0.012426106003066038
6800 0.012064943863749846
6850 0.013041773383002348
6900 0.013612269408714635
6950 0.012044809048101962
7000 0.0131076402275988
7050 0.012527642939915897
7100 0.013017227333078885
7150 0.012103671301786053
7200 0.013778473993944286
7250 0.012633872171424273
7300 0.01071738334349187
7350 0.013366902456188733
7400 0.013540128100350745
7450 0.012572069381325872
7500 0.013278972661003969
7550 0.013759381065692971
7600 0.012709343669677653
7650 0.013574377046837975
7700 0.011108108069894582
7750 0.013072983453121937
7800 0.013534949015376874
7850 0.01317533895806828
7900 0.012884140845530138
7950 0.013427568118311542
8000 0.01327068391072144
8050 0.014783440393169837
8100 0.013380155153258777
8150 0.013451465105627829
8200 0.01301432440692077
8250 0.013043552781660698
8300 0.01439605047258526
8350 0.01284769739184344
8400 0.0170817981535896
8450 0.013859165300324126
8500 0.013362778979030087
8550 0.014899331679264743
8600 0.016019478265140667
8650 0.014569002135643404
8700 0.01821822295894286
8750 0.012798560012608168
8800 0.011671894950331264
8850 0.028319395110645136
8900 0.0139337225306132
8950 0.016570907628591734
9000 0.014464290001230982
9050 0.013666997255150469
9100 0.02908588666166838
9150 0.016103725784236907
9200 0.014227825825919787
9250 0.013193935007695796
9300 0.017276411498543365
9350 0.01834715840427201
9400 0.014733614217910645
9450 0.022243797537930803
9500 0.013421660599502797
9550 0.018370059923299143
9600 0.016785915234350014
9650 0.012011612455472049
9700 0.013177846443768232
9750 0.013937272098363407
9800 0.024940322028216857
9850 0.013944585085787997
9900 0.013791910828679432
9950 0.013766804713587707
10000 0.019748848983383787
10050 0.014614926191545762
10100 0.01402756507854263
10150 0.013908461729156295
10200 0.01437845708935252
10250 0.01327117928026607
10300 0.013956602699733818
10350 0.013893584270977918
10400 0.013142322565508431
10450 0.013221357011809029
10500 0.013793373061618116
10550 0.015081743410702677
10600 0.013783233163844675
10650 0.013051929801567186
10700 0.0132537753759104
10750 0.013872028106714349
10800 0.01328733360736896
10850 0.013101352612004576
10900 0.012904120688956218
10950 0.013436229485421648
11000 0.01286783855864243
11050 0.013217614245461862
11100 0.013178375869258512
11150 0.013461543680051079
11200 0.013664011692177782
11250 0.013471598512103047
11300 0.013203431096566175
11350 0.013375181744162105
11400 0.014135966104605624
11450 0.012739829124397292
11500 0.013706590931198536
11550 0.01362994823350437
11600 0.013677951195042178
11650 0.014585448403019377
11700 0.014016476937139373
11750 0.013922728901102145
11800 0.014627458849146206
11850 0.013850462405972496
11900 0.01338562821401569
11950 0.012939040480123112
12000 0.013710573233876292
12050 0.013540394362610458
12100 0.013278629744554737
12150 0.013609820589028114
12200 0.012918246519242994
12250 0.013213345462498279
12300 0.01374675245442585
12350 0.013360011343932311
12400 0.013619370443317314
12450 0.013304114569601014
12500 0.013029242367184349
12550 0.012717994798437392
12600 0.0133058780678338
12650 0.013505335393116817
12700 0.013124896412125994
12750 0.012554562429991133
12800 0.012678147196732742
12850 0.013161968289846145
12900 0.011890407416203187
12950 0.013693559747376698
13000 0.012185288139018775
13050 0.014231047608350728
13100 0.012719428924451789
13150 0.012916888038827653
13200 0.014771284545097813
13250 0.012804973949492659
13300 0.011582552254550698
13350 0.012696702075933429
13400 0.012400470614225898
13450 0.012434044736903481
13500 0.012298160392721788
13550 0.014442575389950476
13600 0.013748925625568006
13650 0.013114807674556984
13700 0.011448463709452048
13750 0.013285783278506593
13800 0.012514064520845594
13850 0.013029169293727797
13900 0.012754909993025408
13950 0.012644241293759703
14000 0.013288402569691035
14050 0.011455197236353966
14100 0.01203200455877907
14150 0.012862338674354908
14200 0.01281718574074865
14250 0.014502414294645728
14300 0.013000374034688497
14350 0.013778567185337917
14400 0.011524927343177511
14450 0.0125391045238977
14500 0.012728949825884956
14550 0.012837271744437627
14600 0.014623808910671684
14650 0.011775507732296344
14700 0.012845558069911554
14750 0.012063340100475129
14800 0.011594758719515267
14850 0.01182970243913083
14900 0.01280663268210248
14950 0.012853162287448813
15000 0.011977567574406905
15050 0.012288321799038939
15100 0.012566854175706221
15150 0.01241419305257016
15200 0.012302969737127339
15250 0.011927720411375364
15300 0.012604147288221151
15350 0.012654081058244546
15400 0.011640850272445498
15450 0.012027538016041507
15500 0.013238296965495075
15550 0.011150737908577141
15600 0.012040382275738643
15650 0.012246884777867869
15700 0.012000962117755429
15750 0.012358634639816781
15800 0.012323492487522856
15850 0.01207436682122534
15900 0.012051998851460365
15950 0.011641257384528246
16000 0.012238313781860594
16050 0.012833438799285047
16100 0.013109152493514097
16150 0.012347147096593566
16200 0.012729512599423867
16250 0.012920488073138574
16300 0.011978499872921215
16350 0.011537769696155954
16400 0.012510037556437283
16450 0.010875263735274532
16500 0.011924252632963504
16550 0.011251775129292195
16600 0.012010121420485695
16650 0.012452645751075929
16700 0.012832123609197868
16750 0.012259639043870141
16800 0.012214348442105316
16850 0.012461944131415511
16900 0.012162251473165497
16950 0.011854818805077253
17000 0.011713319857617812
17050 0.012375400815899695
17100 0.012054271662211461
17150 0.012147678703886602
17200 0.012222656863495072
17250 0.011954354300641807
17300 0.011968980897958248
17350 0.01214053520226488
17400 0.011819453780748402
17450 0.011929039661657563
17500 0.011830875131579788
17550 0.01234522877033177
17600 0.01160714882605432
17650 0.012137971446385268
17700 0.01258393434253515
17750 0.011521798757286322
17800 0.01234919841302206
17850 0.012110670850609056
17900 0.011815935740134793
17950 0.011764938972313885
18000 0.012319582788238522
18050 0.011870175654401259
18100 0.011392869002960259
18150 0.011843060382732187
18200 0.011570383575040748
18250 0.01190890059487256
18300 0.011653153125525409
18350 0.012149332178554961
18400 0.012183091566485426
18450 0.011698203411302776
18500 0.010891526688505425
18550 0.01147114961796926
18600 0.011905816996515722
18650 0.011658754990074833
18700 0.01104063730683476
18750 0.011214408752539947
18800 0.012099149216612327
18850 0.011508963344659177
18900 0.010653590236007884
18950 0.011302777017889303
19000 0.012042593638351482
19050 0.01105780622371342
19100 0.011377412308609875
19150 0.011971117025389402
19200 0.01112996751393829
19250 0.011060454715625173
19300 0.011077563029053465
19350 0.011392101246661696
19400 0.012108655693368761
19450 0.012242766271214314
19500 0.01133301097625111
19550 0.011123067443962048
19600 0.011432808510187067
19650 0.011483014675690219
19700 0.010229769184658642
19750 0.011077306043783753
19800 0.011390787688426812
19850 0.01092478790902866
19900 0.01042291258215594
19950 0.010687894967943775
20000 0.010290646777768694
20050 0.011222960763585622
20100 0.011068303924668918
20150 0.011859824428401193
20200 0.010582713773738492
20250 0.010958521669937403
20300 0.011065004043530618
20350 0.011990488883034816
20400 0.010765334664030493
20450 0.011435908875845897
20500 0.010962158775611889
20550 0.011514852789044202
20600 0.010842508750659627
20650 0.01083988597814914
20700 0.01047562458502405
20750 0.010981091602070156
20800 0.010483400817405692
20850 0.010663299751474295
20900 0.010774710531134121
20950 0.011276077909642607
21000 0.0110330839146015
21050 0.011150007046427027
21100 0.010723653890788085
21150 0.01071794933953262
21200 0.011193963736872332
21250 0.010657655165810735
21300 0.01075338124281821
21350 0.011189269705870822
21400 0.010811123448749104
21450 0.011936548677746486
21500 0.011061244062318107
21550 0.010948743190945217
21600 0.010590227044019743
21650 0.011367918850356259
21700 0.011263299735167953
21750 0.010027868254453032
21800 0.010960524175145538
21850 0.010154711426429474
21900 0.010301008000233255
21950 0.011393232803892157
22000 0.01058122682120299
22050 0.010508628853363735
22100 0.009976559945925365
22150 0.010144617372163184
22200 0.010236812184290891
22250 0.010287241084171827
22300 0.010302716112837371
22350 0.010878769419083887
22400 0.010613303423971312
22450 0.010377217967406614
22500 0.01049048670204268
22550 0.011591774748839049
22600 0.010679149482785097
22650 0.010504176356022413
22700 0.01003257879407514
22750 0.010515487418406036
22800 0.011040614308119336
22850 0.01089792847167054
22900 0.011062312301718355
22950 0.011262164421680513
23000 0.010830622198074742
23050 0.011146854672740816
23100 0.010995035040308033
23150 0.010345792751530537
23200 0.010512880788512103
23250 0.01051161605865318
23300 0.010738841640198754
23350 0.010368790767485347
23400 0.010460475902185289
23450 0.010206116350785586
23500 0.009789057418299156
23550 0.010440967791611253
23600 0.010754684258334672
23650 0.009805449420623169
23700 0.010293092232418841
23750 0.010341652415505984
23800 0.010548401144661431
23850 0.010400019999948487
23900 0.010297057962827056
23950 0.01045094124489086
24000 0.010614453379003908
24050 0.010771975798643656
24100 0.010630400233438388
24150 0.011051369670081412
24200 0.011121982541929146
24250 0.011151270013644842
24300 0.010818197528590168
24350 0.010801892725251444
24400 0.010843303592940933
24450 0.010683758191544488
24500 0.01132177497184558
24550 0.010239451524497383
24600 0.009806287375663768
24650 0.010495791415149374
24700 0.010100231774332774
24750 0.010104696880295659
24800 0.010041226924826846
24850 0.010316028507698414
24900 0.011107224816733737
24950 0.010936218360486912
25000 0.010121898759191061
25050 0.011219127056315528
25100 0.010678663450269087
25150 0.011249001672397018
25200 0.009914726578681182
25250 0.011077530069602467
25300 0.010404651288609913
25350 0.011456214875943135
25400 0.010155193851091442
25450 0.010172434831494494
25500 0.010534237278934884
25550 0.009921932300290351
25600 0.01049149827017095
25650 0.009920912849162576
25700 0.010247086819302052
25750 0.009771630448512396
25800 0.010059383073534553
25850 0.010272371189833356
25900 0.009540322739236393
25950 0.01037490403351696
26000 0.010874200915508466
26050 0.010553100659612227
26100 0.010382008527979351
26150 0.01001489257242965
26200 0.009726612740953239
26250 0.01053562514103926
26300 0.01046865799032435
26350 0.010409808243940315
26400 0.010334164901323545
26450 0.010681976532154164
26500 0.010426038489403914
26550 0.010031760444742951
26600 0.010751103506743616
26650 0.010623431391540566
26700 0.009980677093688533
26750 0.00980742542888484
26800 0.009688368122326934
26850 0.01066214527268463
26900 0.010480081664164862
26950 0.010173510354417986
27000 0.01094423424183117
27050 0.010179458843542835
27100 0.010825194255978015
27150 0.01039720725394354
27200 0.009789465728559685
27250 0.010566112729992019
27300 0.010569866472320475
27350 0.010514611213524518
27400 0.009968097185778228
27450 0.009982858257823354
27500 0.010761225457792898
27550 0.01049358402574507
27600 0.010800969518346654
27650 0.01069761332528371
27700 0.010084053832407082
27750 0.010053856078678909
27800 0.010573858782678965
27850 0.010330893045593452
27900 0.010017328294448827
27950 0.010211133419138705
28000 0.01093383273907825
28050 0.010643701150202453
28100 0.009972881644072784
28150 0.010009055606165884
28200 0.010299676189196211
28250 0.01008427532248636
28300 0.010565651544498953
28350 0.009971123447287069
28400 0.010122754100512183
28450 0.010100812610593785
28500 0.010114577057342644
28550 0.010258771276789695
28600 0.009857407951219473
28650 0.010536945168420263
28700 0.009801788796259477
28750 0.010295995774285938
28800 0.009983529232854255
28850 0.009956822436552793
28900 0.010505046358970952
28950 0.010321363086225869
29000 0.010283392356230034
29050 0.009945220049452778
29100 0.009626986320224509
29150 0.009591775470988466
29200 0.009645860215313159
29250 0.010444225162960315
29300 0.010248025634067858
29350 0.00971571318708437
29400 0.009761266756726688
29450 0.01024926775364055
29500 0.010322649476114951
29550 0.009452867018864287
29600 0.009506010204697104
29650 0.010468848662706047
29700 0.01027750877902637
29750 0.009483801454089525
29800 0.009722337194199458
29850 0.010392378732530773
29900 0.010521449363637157
29950 0.010234453214905105
30000 0.010062708295417494
30050 0.009890167724878444
30100 0.009658712999112945
30150 0.01009704600862345
30200 0.009707027011146558
30250 0.009707532268922455
30300 0.010159394049745982
30350 0.009729487872432312
30400 0.010190306976736606
30450 0.009643775200733912
30500 0.010700262460571814
30550 0.010424021381749856
30600 0.009817816677306012
30650 0.00968336027322692
30700 0.009824755249414681
30750 0.010216516923849481
30800 0.01013133734433597
30850 0.009760935034208934
30900 0.0097924469113936
30950 0.010282717333316538
31000 0.010432497784906779
31050 0.010493713404724506
31100 0.010153983240987397
31150 0.010211022288093615
31200 0.010388457410321105
31250 0.009294761560919433
31300 0.009929379973792798
31350 0.010027946078044749
31400 0.010261662547584344
31450 0.010064864944402549
31500 0.010042812092006944
31550 0.009598510422945702
31600 0.010261035075254488
31650 0.010075013260507838
31700 0.01039312838786483
31750 0.010219522870315694
31800 0.009627267305139027
31850 0.010098659576137238
31900 0.009349357665423958
31950 0.009819072045337161
32000 0.009611484448133123
32050 0.01036388265962341
32100 0.009411677182940751
32150 0.010089344873907856
32200 0.010514806519956997
32250 0.009569472092930832
32300 0.009721226877178496
32350 0.010024591466918384
32400 0.010154763903618153
32450 0.010116356716055541
32500 0.009734934400426594
32550 0.009588862618643496
32600 0.009972152728129603
32650 0.009770955767703923
32700 0.00991614444718054
32750 0.010798473341336176
32800 0.009862355024256851
32850 0.009223216078065097
32900 0.009950714012471369
32950 0.009930398710915852
33000 0.009377955816607298
33050 0.01003919108649757
33100 0.009795911303206856
33150 0.009560564816760597
33200 0.00971073726637327
33250 0.009632056486596176
33300 0.010007931469004996
33350 0.010820209235725346
33400 0.009622220265025828
33450 0.010380433898643737
33500 0.010095879118440435
33550 0.010049440776522842
33600 0.01001374379508168
33650 0.00995486318865048
33700 0.010496598164509863
33750 0.010066891820042717
33800 0.00989839372009346
33850 0.009583340812716596
33900 0.009712721759959927
33950 0.010290150439820426
34000 0.010430962182546013
34050 0.00991047913445389
34100 0.010110694289320649
34150 0.009694906707728055
34200 0.009791513117014452
34250 0.00976294837245521
34300 0.009859102654936709
34350 0.010060107938707154
34400 0.00942614946441656
34450 0.009523709815752698
34500 0.010470017288491697
34550 0.010337965471267968
34600 0.009623898264322858
34650 0.009370943433155915
34700 0.010735898578903738
34750 0.010055410169938321
34800 0.009716575189069234
34850 0.010077430272307617
34900 0.00993843581938352
34950 0.010844015731054826
35000 0.010058289119818495
35050 0.009943770570257636
35100 0.009953304013203103
35150 0.009429599256014564
35200 0.009326163128056798
35250 0.009926100551478485
35300 0.0102023331332332
35350 0.009550394620183662
35400 0.00958357505130707
35450 0.009948506310229388
35500 0.0094204542179524
35550 0.009994895971389589
35600 0.009777121759096214
35650 0.009944222821856983
35700 0.009391358610899118
35750 0.010159884582989187
35800 0.009977235405989516
35850 0.009823931698795177
35900 0.009524212787759124
35950 0.010164908066184182
36000 0.009755934850812161
36050 0.009943158224336291
36100 0.009559385068626879
36150 0.009529186703194725
36200 0.010026006046303371
36250 0.00984303237757617
36300 0.009681714992438724
36350 0.01026846305142346
36400 0.009205860289580897
36450 0.009812899295105443
36500 0.009490075002320835
36550 0.00982227319320939
36600 0.009944911131508914
36650 0.009530101580921513
36700 0.009696848771689554
36750 0.01033684153861872
36800 0.00992990657810376
36850 0.00986928479621696
36900 0.009806626829098244
36950 0.009237344532247265
37000 0.010135821937754553
37050 0.010008011342537714
37100 0.010592215044529563
37150 0.009696501726998916
37200 0.009907252300696176
37250 0.009411588832963638
37300 0.009972542275992258
37350 0.00943906917291723
37400 0.010134090479226459
37450 0.010888484898650594
37500 0.009577375870548313
37550 0.01004169816600083
37600 0.009924283998213277
37650 0.009843707635606951
37700 0.009172152752757092
37750 0.010072014937105243
37800 0.009801050694624983
37850 0.009510877957742855
37900 0.009783720710760562
37950 0.009594118147510284
38000 0.01036905836326177
38050 0.009542449071000894
38100 0.009890446834876577
38150 0.009722894340859541
38200 0.010089437303873317
38250 0.009732479717444545
38300 0.010202704824173946
38350 0.009848151693013304
38400 0.01004536875596364
38450 0.010489697103855328
38500 0.009644029270177351
38550 0.009946324572867125
38600 0.01012647819438325
38650 0.010487441438973942
38700 0.009991073886903016
38750 0.009979220221277058
38800 0.009469893942662653
38850 0.009610656488700386
38900 0.009678523730570519
38950 0.009952444910903465
39000 0.00969431334022815
39050 0.009769682408234184
39100 0.009706398514084731
39150 0.00960976813808124
39200 0.00958665461391028
39250 0.010006985119342171
39300 0.009970327469700798
39350 0.009901656905303712
39400 0.009871028936982497
39450 0.009228486215716343
39500 0.009775563275614537
39550 0.009688720754841196
39600 0.0101308786800722
39650 0.010209759027204342
39700 0.010476603057240063
39750 0.010183801398860638
39800 0.010013671931805617
39850 0.010114725955264777
39900 0.009831383660101138
39950 0.009649334968560042
40000 0.010183775324909269
40050 0.009809211960048208
40100 0.009910832686090018
40150 0.009249786016002336
40200 0.010289743765536674
40250 0.010218420522554911
40300 0.01005600219158859
40350 0.009608782764632715
40400 0.00905308805758033
40450 0.009288898216483042
40500 0.01000147042686558
40550 0.010247270303061091
40600 0.00968025794064346
40650 0.009836578149261498
40700 0.009772100419995104
40750 0.009793453710935417
40800 0.010265718068561408
40850 0.00975190166345464
40900 0.009757465876235227
40950 0.009617902586641233
41000 0.010697787051559077
41050 0.009765662085033813
41100 0.010441705452560174
41150 0.009337726454111319
41200 0.010527100060758698
41250 0.009542705456838881
41300 0.009666917409181514
41350 0.009257873274144656
41400 0.01065732927127654
41450 0.010129365377494655
41500 0.010760211236112212
41550 0.009501089531037019
41600 0.009874969242173836
41650 0.009433173328526754
41700 0.009837423204146267
41750 0.00992549586636235
41800 0.009817178097436723
41850 0.009766377591704671
41900 0.00983493912992666
41950 0.010069926835768614
42000 0.009517524931803556
42050 0.009544616207248375
42100 0.009861096362918275
42150 0.009551468704004808
42200 0.010051990973916871
42250 0.01012945397952255
42300 0.009673366059333029
42350 0.009970812633963877
42400 0.010035115513561775
42450 0.010271479347565653
42500 0.010139564309171933
42550 0.009911878212486193
42600 0.010249902324039177
42650 0.010190437085295816
42700 0.009726485664440013
42750 0.009640105052727783
42800 0.010207765112396185
42850 0.009677455096447993
42900 0.009963402944098762
42950 0.009852116558616716
43000 0.010024110577410256
43050 0.010084622178822639
43100 0.0100545592526594
43150 0.009411754173182057
43200 0.009622433920325418
43250 0.010170393492642697
43300 0.009592937620178417
43350 0.00960663383857154
43400 0.010088654601461388
43450 0.009916866688732871
43500 0.009797482027201059
43550 0.010032507096304624
43600 0.009006126292636897
43650 0.010004192762585963
43700 0.009317583372389623
43750 0.01003612364783681
43800 0.010151397756802495
43850 0.009823497349083589
43900 0.010007225838867907
43950 0.010025748962605763
44000 0.009526296961759426
44050 0.009405175573248357
44100 0.00986141808487636
44150 0.009559041753445609
44200 0.00979803140818716
44250 0.009999064485322274
44300 0.01020507923480346
44350 0.009510849729432544
44400 0.009512663213573452
44450 0.009953091867565973
44500 0.009610460360813443
44550 0.009926048423217827
44600 0.009851574892884764
44650 0.009558314582255392
44700 0.009494050932696504
44750 0.009456155223230673
44800 0.010122974858289759
44850 0.009722581547772214
44900 0.010088883726004775
44950 0.009821088019314052
45000 0.009898346908067604
45050 0.009503390457022264
45100 0.009936725851541102
45150 0.009139728523203293
45200 0.009752830498707059
45250 0.009631294526693958
45300 0.009682943210239004
45350 0.009643804607966574
45400 0.009855147896187704
45450 0.009455788849840358
45500 0.009652600007751855
45550 0.009985526316357893
45600 0.009078999047756543
45650 0.009462728043338708
45700 0.009953105612210002
45750 0.010537247605914225
45800 0.010380122810700672
45850 0.00967415594116374
45900 0.010004475093299704
45950 0.009362700720098302
46000 0.009685398911845488
46050 0.009688825875137816
46100 0.00990284703145715
46150 0.009998028706098137
46200 0.009961941827451817
46250 0.010184141993438449
46300 0.009865601973116192
46350 0.009395183028596548
46400 0.009544753945707123
46450 0.010310351221847092
46500 0.010175167645275608
46550 0.009938206156932814
46600 0.009912547149892557
46650 0.009572624176815975
46700 0.009882704882515459
46750 0.008878795796376108
46800 0.009628496617726011
46850 0.00945994201918239
46900 0.009444962241170076
46950 0.009614160764288025
47000 0.009638510723730233
47050 0.009774480844717678
47100 0.009745795252768138
47150 0.009776340292551845
47200 0.010004554180365353
47250 0.01042347082903972
47300 0.009311149923884939
47350 0.009506116992194705
47400 0.009775914362676249
47450 0.009784660353589616
47500 0.009187770401968299
47550 0.00935230560702834
47600 0.009834623973646248
47650 0.010027581674812339
47700 0.009769404932878747
47750 0.010103789954060591
47800 0.009515115609808575
47850 0.00999945392242938
47900 0.009404208873045628
47950 0.008935088139542276
48000 0.010253681035639886
48050 0.009560676799497887
48100 0.009374613741479732
48150 0.009618125498268045
48200 0.009947021629146052
48250 0.009656095957128038
48300 0.009273066721977604
48350 0.009778471337655576
48400 0.009437109937678668
48450 0.01002038151017556
48500 0.009776699691720986
48550 0.010108900113731901
48600 0.010387164621554638
48650 0.010257313057868277
48700 0.009886713530351478
48750 0.010005201532644569
48800 0.009942968558975314
48850 0.010443591428393113
48900 0.009439856469946436
48950 0.009864257081029233
49000 0.009566491554771933
49050 0.010378996599951671
49100 0.009326553076209899
49150 0.009984730163921297
49200 0.00934662798361817
49250 0.00993490609571722
49300 0.009839176729212378
49350 0.009140369402596505
49400 0.009751485026264875
49450 0.00944379710067924
49500 0.009935636418201202
49550 0.009915254569196928
49600 0.010178951223005335
49650 0.009026520466453575
49700 0.00950851449334883
49750 0.00963574835476858
49800 0.009344413060330386
49850 0.009443658843896394
49900 0.009902435975076708
49950 0.009857613046469435
50000 0.009813643927862064
