50 0.9767713974403381
100 0.6285838597860105
150 0.39372567927001306
200 0.15903349889883367
250 0.11319744773939484
300 0.11208580417923988
350 0.09685194870991658
400 0.08957306878725696
450 0.0839198604849008
500 0.0799256289490842
550 0.08487286633301783
600 0.07565533087977074
650 0.06625423177394789
700 0.06612250257726378
750 0.07009949729174716
800 0.06406080941129899
850 0.061335998010081536
900 0.05682498136855681
950 0.06579233176344702
1000 0.05623007179870206
1050 0.05026940534191166
1100 0.055203087845739844
1150 0.04494765181506133
1200 0.05719317039328762
1250 0.04187050497150399
1300 0.04265123278226824
1350 0.04040277907960051
1400 0.04652874140972678
1450 0.04959334175136598
1500 0.037978872604760475
1550 0.02782113444092531
1600 0.02770483613356283
1650 0.02607381543840715
1700 0.039559501379431095
1750 0.02231088651242828
1800 0.020943836207116814
1850 0.020637767034840084
1900 0.021110988156848545
1950 0.01783315824458217
2000 0.018558232137823795
2050 0.01967851442554954
2100 0.014590491430616324
2150 0.014695987907234533
2200 0.017067607894945536
2250 0.018380914928084788
2300 0.012850012817516255
2350 0.07098234503704405
2400 0.014411605398976754
2450 0.01282626274144859
2500 0.024112165206663528
2550 0.015008281837115374
2600 0.028319132624785102
2650 0.012256510261541646
2700 0.028598814317016625
2750 0.012633822124772149
2800 0.013473233778753686
2850 0.013872844173475696
2900 0.013139857733670619
2950 0.028645533168587256
3000 0.013900103978598075
3050 0.013552176609656616
3100 0.013866423064217656
3150 0.03182203729491419
3200 0.015642583682489393
3250 0.013952640344174065
3300 0.013594023715487584
3350 0.014191297859659781
3400 0.05257944148395524
3450 0.014101840728337915
3500 0.01459184787631725
3550 0.014767176848889112
3600 0.04961176734366473
3650 0.016282256654543203
3700 0.016231682462808875
3750 0.07808024413456079
3800 0.01553374520040652
3850 0.014436100560580072
3900 0.014899361971662563
3950 0.014233502523124237
4000 0.014624904893677168
4050 0.014901602924279939
4100 0.014570986992491021
4150 0.014374579312264834
4200 0.015267451418659395
4250 0.0386954118779078
4300 0.015888134255911738
4350 0.02551801837938025
4400 0.015407969427197498
4450 0.015216218083483763
4500 0.01499592424033765
4550 0.02208427752350251
4600 0.020666535390711085
4650 0.021690688555419984
4700 0.015989479683949658
4750 0.014676468169345803
4800 0.01588426651015192
4850 0.04585522962369384
4900 0.018126086617646274
4950 0.015729673464322143
5000 0.015463641427811377
5050 0.015198983163034764
5100 0.014982570422443288
5150 0.014702754707108823
5200 0.014813553676292633
5250 0.015416767716943098
5300 0.014444105576194126
5350 0.014660687544403814
5400 0.015901610716125406
5450 0.014856601850919842
5500 0.015417626478723051
5550 0.014912119410533954
5600 0.015230473469675999
5650 0.015904439069174076
5700 0.015815836258270138
5750 0.014777202102877082
5800 0.016709439529932407
5850 0.015151130682722688
5900 0.015133963766250008
5950 0.014700771089974151
6000 0.014457789242064832
6050 0.015424345906220892
6100 0.015116317834747938
6150 0.015204903216088224
6200 0.015488829586380252
6250 0.015105245499510778
6300 0.014405313453904724
6350 0.015175842090744553
6400 0.013775516715415515
6450 0.014928388896677046
6500 0.01419569794097822
6550 0.014837871611365678
6600 0.015647592711678232
6650 0.013625872309226853
6700 0.014464790967987848
6750 0.014674467103146764
6800 0.014946057140813691
6850 0.014503229554950614
6900 0.014297984405617227
6950 0.014141391531867793
7000 0.014467973339532345
7050 0.012995549377984661
7100 0.01358947974147597
7150 0.013414370653259972
7200 0.014411717037506261
7250 0.013160792791270855
7300 0.013166221310632813
7350 0.013851529310290961
7400 0.013246056877274573
7450 0.012989655087458843
7500 0.01295582550028232
7550 0.013066731239377075
7600 0.014218662891124932
7650 0.011654765556049622
7700 0.012453309767212926
7750 0.01258219688128934
7800 0.011827117503578288
7850 0.012876649749844834
7900 0.012077004135931916
7950 0.012099131875436696
8000 0.012559890722869173
8050 0.01140901202612695
8100 0.01076906763517477
8150 0.011081538720343077
8200 0.013941067610776046
8250 0.01768948612603792
8300 0.010584244788591449
8350 0.011188117615889179
8400 0.010859575672195676
8450 0.011998794431036353
8500 0.010705024183085
8550 0.011429414945582677
8600 0.010877514455321898
8650 0.011048626955724271
8700 0.010373994314357485
8750 0.01176100832509974
8800 0.010263630593013807
8850 0.0140857326080247
8900 0.010866688618911574
8950 0.00982249399208866
9000 0.01022813182813632
9050 0.010087318394813655
9100 0.00990860786199317
9150 0.010138396027413184
9200 0.009231999510321663
9250 0.009946377703330291
9300 0.009650174411608146
9350 0.00884937843110201
9400 0.01053412638210478
9450 0.010157788190412603
9500 0.014110355484515755
9550 0.009360603207483631
9600 0.008893646690790222
9650 0.008709864378680135
9700 0.00915074676274307
9750 0.009005527024964889
9800 0.008791487972101502
9850 0.008695467017493361
9900 0.009434629908473414
9950 0.009165999143212492
10000 0.008816672052258766
10050 0.008215022961822695
10100 0.008716528199521968
10150 0.008224847418349435
10200 0.00799696360507853
10250 0.008213459924807154
10300 0.008209151524495516
10350 0.008474218009746558
10400 0.008641998984352762
10450 0.009027556567992322
10500 0.009020667054136846
10550 0.008543816908133238
10600 0.008398657057099752
10650 0.008436434122005626
10700 0.00885598135619637
10750 0.008868817226643557
10800 0.008393790142084244
10850 0.008852244526615784
10900 0.009145664200331098
10950 0.00862436633882605
11000 0.00823264151247264
11050 0.008512369088118118
11100 0.00913911674005785
11150 0.008928523517619042
11200 0.008631262479195503
11250 0.008274063708317455
11300 0.008619039731958612
11350 0.008463824392128522
11400 0.008977694860633845
11450 0.007955644364890525
11500 0.007902020240708685
11550 0.007998415799885306
11600 0.008200210370044776
11650 0.00822270231805165
11700 0.00835928324829277
11750 0.008217565629688192
11800 0.008041729564246113
11850 0.008610280005984416
11900 0.008207718063977205
11950 0.007926702742048682
12000 0.00758797980906904
12050 0.00800909629698923
12100 0.008452196506964974
12150 0.008135481565599265
12200 0.007574078730273675
12250 0.0081086837376172
12300 0.00812806725920848
12350 0.007915081192023794
12400 0.007281373577117513
12450 0.007947911104089043
12500 0.0077084334460216135
12550 0.007537287579658868
12600 0.007958177780789055
12650 0.008788839200736134
12700 0.007988119294955152
12750 0.0077114260350971495
12800 0.007604694633808138
12850 0.0071228247482861655
12900 0.007532374900099961
12950 0.007611946489003343
13000 0.007521796611969662
13050 0.006915033827647806
13100 0.007471689008874307
13150 0.007404009636275696
13200 0.007341876401916153
13250 0.007351833637086999
13300 0.007079296932210122
13350 0.007349051525104512
13400 0.007886434754605152
13450 0.00731381696863068
13500 0.007164331388323282
13550 0.007831906488195739
13600 0.006705652028335417
13650 0.007523423933294093
13700 0.0071575610398687635
13750 0.006782795696028082
13800 0.007049890425595357
13850 0.007431209379692233
13900 0.007251365941214648
13950 0.006764692332854814
14000 0.006498771768553469
14050 0.006615396721724981
14100 0.007201026920842663
14150 0.006633262660089435
14200 0.006510768492696045
14250 0.006963412809451115
14300 0.006580295496407579
14350 0.006640777623026543
14400 0.006584482566958009
14450 0.006498782850677677
14500 0.006345211562193651
14550 0.00680226261579916
14600 0.0064705201867789885
14650 0.006471463930197805
14700 0.006387811335130306
14750 0.006133827161781629
14800 0.0065165582355204785
14850 0.005890739790104585
14900 0.006077439746390205
14950 0.005523743453754439
15000 0.00567952482516538
15050 0.005807388761467201
15100 0.005554544903532808
15150 0.005495582085531101
15200 0.0058539065196974395
15250 0.005744206659739983
15300 0.005875186059712151
15350 0.006033959788968817
15400 0.005565671023841615
15450 0.00565837361820545
15500 0.005596240208692839
15550 0.005795590759568514
15600 0.005977331727285893
15650 0.006397339469851921
15700 0.005730936623806725
15750 0.005886105146103398
15800 0.005982278212217276
15850 0.005487968570695968
15900 0.005628934044055932
15950 0.005392544454613685
16000 0.005159257417071659
16050 0.005677859155011513
16100 0.00567446242286217
16150 0.0058497462011173965
16200 0.0054874244335886176
16250 0.005304586705054811
16300 0.00546682915695641
16350 0.005735252773595409
16400 0.005664578219356878
16450 0.005377510670262638
16500 0.005649169776675631
16550 0.005202800860769333
16600 0.005364731483707245
16650 0.00543813570114558
16700 0.005352485103020827
16750 0.004980622663871689
16800 0.005527070714366256
16850 0.004735265877154148
16900 0.005187018382909108
16950 0.00523311317769351
17000 0.005042808830039973
17050 0.004995050402129919
17100 0.005103202822485245
17150 0.0052783622450631295
17200 0.004904055058511709
17250 0.004937647945495336
17300 0.004715657423452402
17350 0.005047122963111315
17400 0.004699745481947338
17450 0.004684810557611215
17500 0.004928470647022446
17550 0.004655321546763293
17600 0.004683506659642169
17650 0.004848441524581835
17700 0.0045431116454212215
17750 0.004566541666460833
17800 0.004699600745404917
17850 0.0046291627182274584
17900 0.004526225601632719
17950 0.00473754382135617
18000 0.004490988660513274
18050 0.004526545321227321
18100 0.004592752774174663
18150 0.004643018949251916
18200 0.00426074605368278
18250 0.004098904264700066
18300 0.004179152185039346
18350 0.0039074524580546485
18400 0.004495514178006755
18450 0.004082602584065222
18500 0.004647339588615885
18550 0.004192242778091799
18600 0.004072033349133715
18650 0.004054946628452856
18700 0.004087713788381772
18750 0.003923210011004134
18800 0.003929889365451592
18850 0.0037887852251492138
18900 0.004009801358332079
18950 0.004158279335365908
19000 0.0040734908465716235
19050 0.003907521688400524
19100 0.00385671988145658
19150 0.003909249146553456
19200 0.0038475031212934193
19250 0.0036309312335353785
19300 0.003812494453963941
19350 0.00381504319318966
19400 0.003795140066866544
19450 0.0036208083838427767
19500 0.003724597726062895
19550 0.003524088201794336
19600 0.0034112890589256496
19650 0.0035717373754074774
19700 0.0036208803528450517
19750 0.003578748178899875
19800 0.003527243006074445
19850 0.0036089631625642075
19900 0.0035386748664810873
19950 0.0036906877269813052
20000 0.0032914371202291746
20050 0.0034782494891414644
20100 0.003609531159672395
20150 0.0032855745846616844
20200 0.0032700185090062148
20250 0.003573224180739365
20300 0.0034618898505523635
20350 0.003530186135074141
20400 0.0034290745879043995
20450 0.0035080111292258576
20500 0.0034198384803237705
20550 0.003364885643916155
20600 0.0034176670569443126
20650 0.0033602911569201675
20700 0.0034885446193910763
20750 0.003143894739586444
20800 0.003529762619786866
20850 0.0033383781481174284
20900 0.003040061352383636
20950 0.003303283005930301
21000 0.003265519140312665
21050 0.0034825203614664724
21100 0.0032373902760141535
21150 0.0032553453125653492
21200 0.003292245878982169
21250 0.003047547588166585
21300 0.0032393190883396217
21350 0.0033016105562888695
21400 0.0032451815184555526
21450 0.0032759183692444944
21500 0.0030879355342907787
21550 0.0031972635958400324
21600 0.0033053691143930274
21650 0.003100468101187271
21700 0.0031307626899623885
21750 0.0031748660830231757
21800 0.0031882327434509814
21850 0.003044420808343905
21900 0.003193714499123328
21950 0.0029784424280177397
22000 0.002755279212771339
22050 0.002805026852947912
22100 0.0028934662454773202
22150 0.0029940654793985475
22200 0.002799296767863214
22250 0.002854697112318683
22300 0.0030391865102465687
22350 0.003011497876102937
22400 0.0028890354189740537
22450 0.0028386130791779748
22500 0.002802866476963597
22550 0.0030172211233362774
22600 0.003055860595969948
22650 0.00286494247526388
22700 0.0027327897498223624
22750 0.00263298721420614
22800 0.0026062310581827903
22850 0.0027112557491840144
22900 0.0026963008756435733
22950 0.0027352318560736073
23000 0.002823763751971201
23050 0.0028819351419993033
23100 0.002796816629692042
23150 0.0027624993992441307
23200 0.002855506445643273
23250 0.0026467043607162504
23300 0.0028380701493338277
23350 0.0026675501552999173
23400 0.002575048428454822
23450 0.0026832144067164033
23500 0.002560353654701556
23550 0.0026908550745248375
23600 0.0025305680114752704
23650 0.0024566180968471894
23700 0.0026016429130470927
23750 0.0025903714317519018
23800 0.0025442529981404456
23850 0.0025186977057522564
23900 0.0027404864831712763
23950 0.0027052425800666324
24000 0.00251350314328523
24050 0.0027347156809656966
24100 0.0026056933580427643
24150 0.002585719162979326
24200 0.00259001930317612
24250 0.0027439907147575053
24300 0.0026672729541203613
24350 0.002568469578391509
24400 0.0024369149116634735
24450 0.0022717841384214854
24500 0.002512792942051737
24550 0.0022981676672708703
24600 0.0024321619667122675
24650 0.002388187195531483
24700 0.002520721032934562
24750 0.0025298678533886127
24800 0.002508582379846022
24850 0.0025469854189178248
24900 0.0022586620018154938
24950 0.0025360769039142832
25000 0.0023877339949223684
25050 0.0024399201555993563
25100 0.002454609676426321
25150 0.002443937266447836
25200 0.002440190735975611
25250 0.0025310529957250968
25300 0.0024008528896641017
25350 0.002274843426410434
25400 0.0024189936320529095
25450 0.002259378021198268
25500 0.0025391496812878465
25550 0.0024291539354424933
25600 0.0024267852978467706
25650 0.002373189581536135
25700 0.002468115195563875
25750 0.0023882401453892347
25800 0.0023444402536288507
25850 0.0024130498468036654
25900 0.00236936542594394
25950 0.002388568490426926
26000 0.002392195944128712
26050 0.0023359379143460257
26100 0.0023797212436291793
26150 0.002410428531143413
26200 0.002506150674919652
26250 0.002394827623321935
26300 0.002427785665309075
26350 0.0024787227248469915
26400 0.0025426584305694652
26450 0.0023290528601563774
26500 0.0023584012206871808
26550 0.002401021866809734
26600 0.002232894192178947
26650 0.00222890192344198
26700 0.002545615304093843
26750 0.00242107865117784
26800 0.002251082279594911
26850 0.0023802624941418773
26900 0.0022772493530459075
26950 0.0023089265292651666
27000 0.002248763430770278
27050 0.002286939305730171
27100 0.0023268689782542404
27150 0.0022914316807372357
27200 0.002200949993721843
27250 0.0023370622358940257
27300 0.0022753838673805695
27350 0.0022543253588817483
27400 0.0022912916227296903
27450 0.002358182717257888
27500 0.0023736402045820286
27550 0.0022332238782138084
27600 0.0022937669144575093
27650 0.002388897964314672
27700 0.0023475978692523236
27750 0.002100608252805628
27800 0.0021737226286818925
27850 0.0023671323526534434
27900 0.002366460891516019
27950 0.00221782577304944
28000 0.0023650329472573485
28050 0.002205164909977133
28100 0.0022278141753066037
28150 0.0022538808513920382
28200 0.002250762072608447
28250 0.002333568056488049
28300 0.002291571168324471
28350 0.0020972053433818433
28400 0.0022042113947391634
28450 0.002240774766425532
28500 0.002327740932689166
28550 0.002255151804891342
28600 0.002196532320420728
28650 0.002250998648034444
28700 0.0023692548707034836
28750 0.0022879339135821616
28800 0.002219288974576782
28850 0.0022489736206329127
28900 0.0023776970567688893
28950 0.002258924899159383
29000 0.0023059537516046365
29050 0.0021616726574743977
29100 0.002328502607102015
29150 0.0024265243197530233
29200 0.0023292607395242267
29250 0.0023436588079634
29300 0.002314938657148024
29350 0.0023188819123456748
29400 0.0023156664510808824
29450 0.002248151984265991
29500 0.0021784332567476054
29550 0.0024263917989978613
29600 0.002280457489801544
29650 0.0024602319931637047
29700 0.002361009009383465
29750 0.0021931015407698697
29800 0.002162968433383236
29850 0.0022029106375364
29900 0.002130722176613677
29950 0.002271315488853554
30000 0.0023238255163939383
30050 0.0021511628546061947
30100 0.0022878596967452667
30150 0.002254004778022536
30200 0.002219145136813917
30250 0.0022046204391470044
30300 0.0020752879000697426
30350 0.0022392141765698397
30400 0.0021385896288136385
30450 0.002180841992033879
30500 0.002237180953772523
30550 0.002067042383107914
30600 0.002184037415310372
30650 0.0022567124804448294
30700 0.0021557722638279524
30750 0.0021740911545907586
30800 0.0022222112720675473
30850 0.0021828917323955545
30900 0.0021821305725054207
30950 0.0021443697451774446
31000 0.0022366490992569415
31050 0.002162761867896027
31100 0.002249830733967214
31150 0.00222754071617168
31200 0.0022750957795664994
31250 0.002095632814351103
31300 0.0022451025230377777
31350 0.0022698467654500053
31400 0.0022183929702733526
31450 0.0022221922998373117
31500 0.0021374437888133212
31550 0.002143150567924097
31600 0.002126887237541379
31650 0.002221727375609256
31700 0.0021598815625988965
31750 0.0020672612782240717
31800 0.0021689873007398027
31850 0.0021926902895841546
31900 0.0022529825934575792
31950 0.0021836861595350646
32000 0.002229055424569069
32050 0.0020028150754549286
32100 0.0021621322262789194
32150 0.002281367790688992
32200 0.0021942702170819257
32250 0.002221824145098754
32300 0.002139884963298577
32350 0.0021665336123574655
32400 0.0020869672444288633
32450 0.002155194305481692
32500 0.00232812527529806
32550 0.0021442664001147557
32600 0.002206821223149216
32650 0.002223834734949263
32700 0.0022691701067264294
32750 0.002270659087597287
32800 0.002094353226355576
32850 0.0022139252509419125
32900 0.0021546634890368464
32950 0.0023965969627748785
33000 0.0021749442030596917
33050 0.0022313241484618043
33100 0.002160303594704396
33150 0.002163891847779566
33200 0.0021925888485112427
33250 0.00227573607186379
33300 0.002173204066669616
33350 0.002138442654407381
33400 0.0022384055546986596
33450 0.002229862985749575
33500 0.0021481945611702725
33550 0.0022974528255105702
33600 0.00220770101252167
33650 0.0020851736684781067
33700 0.002173026567811358
33750 0.0022684942479955844
33800 0.0021833598578921945
33850 0.002148158044892797
33900 0.002232240106009249
33950 0.002165638982416589
34000 0.002408408061332677
34050 0.002066476307757837
34100 0.0022684626705745123
34150 0.0020988408503506834
34200 0.00213864811607573
34250 0.0021158916969124513
34300 0.002088991401211003
34350 0.002185192353612401
34400 0.00213753403659495
34450 0.002232737452283972
34500 0.0021501631848740333
34550 0.0020774677367284204
34600 0.0020738474637548754
34650 0.0022602045833684343
34700 0.0021311821409340215
34750 0.0020825784431346916
34800 0.00213887515068927
34850 0.002169907200197255
34900 0.0022109340886178747
34950 0.001974196721855825
35000 0.0023079336254818524
35050 0.0022513706210147044
35100 0.0021605457498332504
35150 0.002084502417560737
35200 0.002037706724848214
35250 0.0021908405259459265
35300 0.0021998344790862896
35350 0.0021254513735625927
35400 0.00218424029391773
35450 0.002123548850393836
35500 0.0021565042037747593
35550 0.0021536807593689226
35600 0.00205876680148619
35650 0.002210312710772185
35700 0.002157469120140656
35750 0.002144776237646301
35800 0.002180742072183184
35850 0.0021900577437121865
35900 0.0020608512940498923
35950 0.002054160912824637
36000 0.0021549153833830877
36050 0.0022576330564543345
36100 0.002310977970623131
36150 0.0021321353241797194
36200 0.0022181189764455033
36250 0.0021764697565685933
36300 0.002185477034659191
36350 0.002055666433581134
36400 0.0020777940704798203
36450 0.0020962435399595326
36500 0.0020655901222053873
36550 0.00212569067948148
36600 0.002195064739679361
36650 0.0023124568944495267
36700 0.0021714805984817333
36750 0.0021837519820136473
36800 0.0021237215197457636
36850 0.002117356530243354
36900 0.002261785093628577
36950 0.002109080862618072
37000 0.0020859617828559362
37050 0.0021804578997765872
37100 0.002169027613440765
37150 0.002173843018048497
37200 0.002239062571609076
37250 0.002027654929765819
37300 0.002213725349459882
37350 0.0021685822161022243
37400 0.002125506567058823
37450 0.002179620692528836
37500 0.0021007111537879927
37550 0.002175543940954512
37600 0.002240824353167214
37650 0.002120224580700371
37700 0.0022212382293895754
37750 0.002050121646885651
37800 0.002091568919496513
37850 0.0022613421661189645
37900 0.002257455075262346
37950 0.002164107453945913
38000 0.0021399136635744808
38050 0.00205479757436251
38100 0.002186283041470639
38150 0.002205486723364924
38200 0.0021428785689036984
38250 0.0020789180413738843
38300 0.00215158083894574
38350 0.002337658433229735
38400 0.0020123816135137035
38450 0.0020739202740582942
38500 0.0020797512171870165
38550 0.0021906060141321485
38600 0.0021343904340735144
38650 0.0021232249137097523
38700 0.0022258225372163015
38750 0.0021048817877732974
38800 0.0022584507705078263
38850 0.0022739853226558552
38900 0.0021420785654304264
38950 0.0021417363194121543
39000 0.0020932648082871937
39050 0.0022156160632619726
39100 0.00221947361262806
39150 0.002075219056720609
39200 0.002197203675002293
39250 0.002121495992723788
39300 0.0021987115376103667
39350 0.0020815844418377106
39400 0.002198080881295593
39450 0.002232495817443349
39500 0.002216886643718116
39550 0.002132223718601646
39600 0.0022010957800313877
39650 0.002282401301337234
39700 0.0021736124959811014
39750 0.0020194163776157377
39800 0.002108810458643844
39850 0.002188700842451854
39900 0.002099122027482253
39950 0.0021451501798625057
40000 0.0019884840171385913
40050 0.00217951048373235
40100 0.002013918912548032
40150 0.002176015649452909
40200 0.0020676230664020846
40250 0.0021001589287795164
40300 0.002136749755885405
40350 0.002145089665814387
40400 0.0021440315832240075
40450 0.0021553838763968373
40500 0.0021091679682307437
40550 0.002101496463001668
40600 0.002041191006396683
40650 0.002082130654073853
40700 0.002088023197776404
40750 0.00216792442107345
40800 0.0021785047849108207
40850 0.002030256451798246
40900 0.0020775797455180015
40950 0.0021638309443316713
41000 0.00217595448016454
41050 0.0021153460102209883
41100 0.0021229530383358925
41150 0.0022016142805945907
41200 0.002052785812829323
41250 0.002176732410646079
41300 0.0021820580837168036
41350 0.0021434112088859945
41400 0.0020684199944286325
41450 0.0020333296668987155
41500 0.002085770958396803
41550 0.002111292042178059
41600 0.002205608215296788
41650 0.0021197281592127155
41700 0.0021085103856115484
41750 0.0021417796944648623
41800 0.002174092790054115
41850 0.002080455504516843
41900 0.0021960175861724936
41950 0.0021988560089938633
42000 0.0020462606424697344
42050 0.002077285314833471
42100 0.002172459373535782
42150 0.0021450529029633
42200 0.0021255142745919406
42250 0.0020759242953909424
42300 0.002161934051592501
42350 0.0020318690957812744
42400 0.0020499296464036435
42450 0.0021177765808736366
42500 0.0021234729099787364
42550 0.0021824545795617626
42600 0.0020243362184657982
42650 0.0022283778176352773
42700 0.002180986771023796
42750 0.0021472548436769095
42800 0.0022262257112004038
42850 0.0021999398886339235
42900 0.002203889981386267
42950 0.002175316685225317
43000 0.0020871241856900377
43050 0.0022349227717844682
43100 0.002067507232425886
43150 0.002122282192691105
43200 0.0021903231939960064
43250 0.0020869263010459427
43300 0.0020842151305013918
43350 0.0020931471842783
43400 0.002223516165542223
43450 0.0020250728466630397
43500 0.0020828523885858294
43550 0.002035217173111388
43600 0.002062319321507909
43650 0.00211711096503133
43700 0.0020973781924131306
43750 0.002034526319788723
43800 0.0021066943224860033
43850 0.0021113041475228937
43900 0.002058077065912245
43950 0.0020248473870792725
44000 0.002176074270433989
44050 0.002237504892661031
44100 0.002146916374341107
44150 0.002118335927316108
44200 0.002161193106382576
44250 0.002024494090611063
44300 0.002127881554942808
44350 0.0021555230349216414
44400 0.002209959497142419
44450 0.0020721647987867577
44500 0.0020851561670217657
44550 0.0020865412862692864
44600 0.002055784638077977
44650 0.002198753950995081
44700 0.0020621407399788287
44750 0.001989950625135946
44800 0.002124615345929159
44850 0.002109162427891845
44900 0.0022037682332078203
44950 0.0021233188960963225
45000 0.002274926752899174
45050 0.002297841401812453
45100 0.00216708940267789
45150 0.002075701519034387
45200 0.0020783224397494253
45250 0.0020994831650119226
45300 0.002079292807489104
45350 0.002150087934459498
45400 0.0021035113953936113
45450 0.002276748795136087
45500 0.002110375198386485
45550 0.0021630646151420915
45600 0.002127711514733561
45650 0.0021629851777859943
45700 0.0021596675524155106
45750 0.0021713689196707696
45800 0.0022725037113618613
45850 0.002125640977550106
45900 0.0022225289750853416
45950 0.0020494224121378178
46000 0.002232058092091521
46050 0.0020899424820511317
46100 0.0021203586162165675
46150 0.0021568847903277993
46200 0.002245193123695597
46250 0.0021836450675158524
46300 0.0021196415467880487
46350 0.0020989950943095287
46400 0.0020816706727472102
46450 0.002184146280636669
46500 0.0019675671197042157
46550 0.0022335284854677153
46600 0.001985288445918178
46650 0.0021243887692151556
46700 0.002227865870367792
46750 0.002175123432589177
46800 0.002104469523831734
46850 0.0021078011370153807
46900 0.0020815682535614685
46950 0.0020783943832125623
47000 0.0020626080886646863
47050 0.0020876488365935406
47100 0.002106754375155804
47150 0.0020640446144418447
47200 0.002143026905097187
47250 0.00210700146420257
47300 0.002137907549004879
47350 0.002118044688231874
47400 0.002182890387572176
47450 0.0021551226072312555
47500 0.002103800234468119
47550 0.0021348785945493024
47600 0.0021925759514427935
47650 0.0022076943606205604
47700 0.0021925148733955213
47750 0.0020845739074201344
47800 0.0020312317552878623
47850 0.002054855933281211
47900 0.002193408260346578
47950 0.0022262771953536864
48000 0.002177871566896415
48050 0.0021343774581507554
48100 0.00211674153645817
48150 0.0021099578495785438
48200 0.0021137554767621976
48250 0.002145137945562381
48300 0.0022034852651218527
48350 0.0021367223515374777
48400 0.0022085076123596853
48450 0.002230617797601454
48500 0.0020949482227945082
48550 0.0021526773058766027
48600 0.002134639248190435
48650 0.0021790568780562783
48700 0.0021473827962318276
48750 0.002110964462405421
48800 0.0020747849805211166
48850 0.0021136334143977992
48900 0.00224031284642753
48950 0.0020319632598836714
49000 0.002146157165146222
49050 0.002058927722411456
49100 0.002207123782583198
49150 0.002197686393420261
49200 0.002165488742501941
49250 0.0021498455931081607
49300 0.0020129608116590627
49350 0.002028135876143316
49400 0.0021159544782594314
49450 0.0021655659002019476
49500 0.002168480309188353
49550 0.0019696766312518924
49600 0.0021740788180626015
49650 0.0021422508494866
49700 0.0020770965691775172
49750 0.0020923932097624168
49800 0.0021616535497793266
49850 0.0021102207225398174
49900 0.002089316900963634
49950 0.0020325346093008996
50000 0.0021175565364554764
