50 0.9655008526339902
100 1.0002760689024393
150 0.9986824444166943
200 0.9972269942700233
250 0.9960642475334565
300 0.990771049176466
350 0.9739883701520025
400 0.9065247311713481
450 0.6595385225206
500 0.16447584476671476
550 0.049166235860636384
600 0.033388946660523625
650 0.033296623784759755
700 0.03386121570062508
750 0.04629711675755766
800 0.0350989082106638
850 0.033648088246048334
900 0.03054129108466472
950 0.030643419717008187
1000 0.029920388222997474
1050 0.03219042795716238
1100 0.023832593396111386
1150 0.024230134834374188
1200 0.027749678421014303
1250 0.017516128823590403
1300 0.017161362439295398
1350 0.015601929551626764
1400 0.012557172377620567
1450 0.011679095872696556
1500 0.012118305237658958
1550 0.011145087067389538
1600 0.011177919037723303
1650 0.010523620267238838
1700 0.01626186448743467
1750 0.009357653771435298
1800 0.016140976014278524
1850 0.011077263902956847
1900 0.009037828056460034
1950 0.010535239783643987
2000 0.009122597735280208
2050 0.008943891412726529
2100 0.026513455839115664
2150 0.009908967092259614
2200 0.010745888500142157
2250 0.007394666447106947
2300 0.014422943452249764
2350 0.008036851531803035
2400 0.01748602262060189
2450 0.008528537272131447
2500 0.009622314232013202
2550 0.0060788805153541015
2600 0.013497288723894937
2650 0.014216312145192422
2700 0.006467231806666315
2750 0.007203908887388697
2800 0.007445330412582808
2850 0.008602473917684894
2900 0.019007252816358407
2950 0.007961831422379006
3000 0.007008689101144845
3050 0.006873594048308467
3100 0.008591919488867108
3150 0.006327034437789785
3200 0.0065563119382927105
3250 0.015053504049653131
3300 0.005788742481990473
3350 0.015096853931318276
3400 0.007094213301168203
3450 0.010395915468147512
3500 0.006473038134521114
3550 0.006897670515083792
3600 0.007477051967651082
3650 0.006073526041020365
3700 0.006178058102131279
3750 0.006891283060291469
3800 0.008009437671667063
3850 0.007140525890246743
3900 0.009520684839471645
3950 0.007869555195919338
4000 0.007614395269806323
4050 0.02323764906248268
4100 0.00826197556837421
4150 0.00494126201579999
4200 0.00983470602160335
4250 0.0075058900693068045
4300 0.005026247617058876
4350 0.0061792306407589
4400 0.0073192495946626055
4450 0.01022805373274478
4500 0.007594774760494972
4550 0.008652708943840395
4600 0.006220607686118046
4650 0.021067727258630813
4700 0.00989190985362404
4750 0.009501231029920388
4800 0.006483196464208515
4850 0.006818931997805394
4900 0.009575186544030735
4950 0.005504082076489285
5000 0.004188442504442139
5050 0.007022770726979362
5100 0.007046510678994004
5150 0.007045932912989026
5200 0.008823906757432613
5250 0.004808816295284663
5300 0.007725449242572968
5350 0.006132182244954854
5400 0.0065172887974087644
5450 0.007652625724868409
5500 0.00863410973060809
5550 0.007132310791704238
5600 0.006363647754998771
5650 0.007146009851807131
5700 0.006496743648937929
5750 0.005530743810256392
5800 0.0060689746164907495
5850 0.0062655599209829865
5900 0.00652002001055024
5950 0.00544702660675837
6000 0.005554391775199348
6050 0.005930909207057535
6100 0.005404737560325031
6150 0.006632608022022668
6200 0.006654816372102863
6250 0.00596858750103841
6300 0.005800518970870783
6350 0.005958906415885285
6400 0.008090108874742395
6450 0.006559759547555948
6500 0.006006933527341096
6550 0.007052549802951869
6600 0.0062962276537536265
6650 0.005297078159792331
6700 0.006296660401560911
6750 0.0051982354590441576
6800 0.007075498829407199
6850 0.0065081472639600315
6900 0.006081537008816946
6950 0.006707934182443426
7000 0.004794997011757489
7050 0.004212726943442017
7100 0.006556822106894447
7150 0.006139576140748944
7200 0.005749382460822218
7250 0.0059579156475381605
7300 0.005840502413153187
7350 0.00627979194618761
7400 0.003571257145155477
7450 0.008177231602107546
7500 0.009574431422619425
7550 0.004963387539807621
7600 0.004018967616319791
7650 0.006722503704436118
7700 0.00637340700781018
7750 0.005766724304504845
7800 0.007268255366816297
7850 0.0049176529781584065
7900 0.004125263287288496
7950 0.006307375950572894
8000 0.0035925755820660874
8050 0.007858194350657306
8100 0.006602548281999276
8150 0.006978117194246343
8200 0.003395645739721266
8250 0.006233542200326431
8300 0.005808241629103526
8350 0.005080597783801227
8400 0.0068692381839861125
8450 0.004178511361249775
8500 0.008290275437260717
8550 0.0028608484915108325
8600 0.005079891962677224
8650 0.004068310540668036
8700 0.006630827062779658
8750 0.003057145055329107
8800 0.006338864286276695
8850 0.0051235333901431335
8900 0.004479643088897992
8950 0.006495274572280196
9000 0.005224614124129477
9050 0.007149990789613875
9100 0.006770317877334073
9150 0.005943822760116862
9200 0.004332149948969172
9250 0.005380571178239675
9300 0.006980726335663265
9350 0.010136427356895085
9400 0.0060522660182085785
9450 0.0070743737332966145
9500 0.00468461761674189
9550 0.007452148851480867
9600 0.006857986551077974
9650 0.0055055305325851945
9700 0.007551905926973136
9750 0.006254865905107001
9800 0.006896447309896437
9850 0.00692495289809183
9900 0.003324392086474067
9950 0.006418030303454135
10000 0.003430276601640866
10050 0.005092675519360817
10100 0.0038218808573393923
10150 0.004731347200593055
10200 0.005595029778064991
10250 0.0030623759681728912
10300 0.0052097221860008544
10350 0.005587475943855624
10400 0.005063045997696491
10450 0.005149820360742911
10500 0.004494155935881122
10550 0.0053430583466282985
10600 0.00544932380054663
10650 0.00588649555048847
10700 0.0067680714813833625
10750 0.0043295447296012425
10800 0.004674952141808434
10850 0.004736215023161992
10900 0.00545978529719362
10950 0.00548966413013066
11000 0.005820545756475139
11050 0.005421646537951903
11100 0.006282158355283383
11150 0.004204109853548071
11200 0.004902826070382958
11250 0.004279222278774752
11300 0.005142714661601576
11350 0.0051098680574269
11400 0.004876833577455022
11450 0.006011773966717418
11500 0.00579538228110743
11550 0.0031330649437745104
11600 0.006090592040171536
11650 0.0054702425424439345
11700 0.004410945599081984
11750 0.005361290782244419
11800 0.004649652994472207
11850 0.004683974885777463
11900 0.004677056235103526
11950 0.005194408583219038
12000 0.006115028670028223
12050 0.004617797102805516
12100 0.004618618021479673
12150 0.004862197648251214
12200 0.004493615417949829
12250 0.005398138331717216
12300 0.004994599963278519
12350 0.0049651501462602545
12400 0.006394611373031168
12450 0.005714812834432368
12500 0.004349581096888551
12550 0.004401713503025163
12600 0.005564870984498454
12650 0.005058728524521389
12700 0.005556866985282499
12750 0.0049372761447795495
12800 0.004797502017852819
12850 0.005849252310732973
12900 0.006917546096207399
12950 0.005120816885020348
13000 0.003364290941253002
13050 0.005664779360392988
13100 0.0029387012318389237
13150 0.003232364130962066
13200 0.004586423885746522
13250 0.004342772124729278
13300 0.0056089899204927515
13350 0.004658946734003718
13400 0.0052579946692973695
13450 0.0048181032898873
13500 0.004651827504130495
13550 0.006386990141460132
13600 0.004286213707123576
13650 0.005026719901841569
13700 0.005767883101021515
13750 0.005180870401335357
13800 0.005726155580108051
13850 0.004856816568528858
13900 0.0045351154882374385
13950 0.004676772477684669
14000 0.0030922781128290837
14050 0.004733607333345434
14100 0.0038041098334872154
14150 0.00387626189082937
14200 0.005299896048654757
14250 0.005357901299232182
14300 0.004739502876877389
14350 0.005080807482228476
14400 0.005359878805284355
14450 0.0030093772968932168
14500 0.006250738627172418
14550 0.006271336318006337
14600 0.0037923081410691523
14650 0.003475009108107528
14700 0.004151586834763493
14750 0.007807906552118865
14800 0.0059284130946923395
14850 0.0050329972418636515
14900 0.003162648411033368
14950 0.0052660090394643895
15000 0.005087315708371219
15050 0.003992225792021961
15100 0.0045991932592089
15150 0.0038652729944555677
15200 0.004516348739820112
15250 0.004525430310257453
15300 0.004967943750694597
15350 0.004471785795674492
15400 0.003545689234746095
15450 0.005360189173358441
15500 0.003475091409367078
15550 0.005896363694017859
15600 0.005140086120811906
15650 0.004471120566599303
15700 0.005705286234123452
15750 0.0047556398623234495
15800 0.004292722618656838
15850 0.004868752457335106
15900 0.0057085964664261085
15950 0.003407297723325092
16000 0.004865493007374074
16050 0.005158476645436773
16100 0.004167215310462084
16150 0.004074332915747446
16200 0.004117931249677133
16250 0.003721887945395474
16300 0.004211345679718868
16350 0.0041390684080377885
16400 0.003875429639319824
16450 0.0034370621707732123
16500 0.004852671230739656
16550 0.003820785311969896
16600 0.0060975058349243185
16650 0.005757269967247483
16700 0.005591516435904181
16750 0.006530612050527644
16800 0.00579220620739991
16850 0.004364168256463515
16900 0.004515168692202298
16950 0.005202078664060461
17000 0.005156366057262987
17050 0.004990413295144303
17100 0.005366062965194299
17150 0.00466059165972832
17200 0.0039732074408796855
17250 0.004775966296306864
17300 0.006123647175503014
17350 0.005673348156837973
17400 0.0048715919825225
17450 0.003954063513033528
17500 0.003901802427903401
17550 0.0045827287093123635
17600 0.005500157018389174
17650 0.0035549937298281343
17700 0.004568481313074639
17750 0.005183831794662011
17800 0.004542116559474621
17850 0.004141379597791129
17900 0.0049401435178520236
17950 0.0042742533373428745
18000 0.0038507844064410825
18050 0.006529911354857559
18100 0.004707833883840362
18150 0.004608055852599046
18200 0.005891457195108882
18250 0.0047961788517185576
18300 0.005581487858316975
18350 0.006296251323674698
18400 0.005605224520272279
18450 0.004634698136608288
18500 0.0055043360375293116
18550 0.005770639010926909
18600 0.003978585362416465
18650 0.005042107920764448
18700 0.005214204813058667
18750 0.005668800102750424
18800 0.0049994469570748355
18850 0.0032978748734643704
18900 0.005167687338679423
18950 0.004532182914258019
19000 0.005214610201095325
19050 0.0035223794246977726
19100 0.003495185685994994
19150 0.0033486915615383536
19200 0.004201995403384257
19250 0.004396379097249189
19300 0.0034074747763083945
19350 0.004578088040556153
19400 0.003682002459201014
19450 0.0038797703893960075
19500 0.0030556466415174936
19550 0.0049668607859022955
19600 0.0049375418999322235
19650 0.0040958499038905565
19700 0.002973360993994458
19750 0.004432777859149924
19800 0.004612936913512445
19850 0.00607457848339142
19900 0.004371358508543106
19950 0.005294830859350383
20000 0.0035469134534199293
20050 0.003637925140471395
20100 0.0041896723623052285
20150 0.004882280530920583
20200 0.003941727932200182
20250 0.003432822775649077
20300 0.005058045016904174
20350 0.004780899962451256
20400 0.005307077215660322
20450 0.0037458380362108096
20500 0.0030236309942984433
20550 0.005072399981211414
20600 0.003980266962773153
20650 0.004848100678426085
20700 0.004187778689420463
20750 0.0050061036670902585
20800 0.0041803684099616335
20850 0.003668515641728346
20900 0.0038591367055397126
20950 0.004628226821014075
21000 0.0047763317440561864
21050 0.0055028021147289835
21100 0.004022079898465895
21150 0.004333854382041587
21200 0.004588728477783419
21250 0.005567528681370781
21300 0.004579070007929914
21350 0.004685586827013814
21400 0.005099654695794013
21450 0.003696839026173118
21500 0.004427567653390381
21550 0.005507834812062754
21600 0.00499950489896788
21650 0.0047561586228476145
21700 0.005614039320873168
21750 0.003275453707874415
21800 0.003683024672349779
21850 0.004638168798192041
21900 0.0046303641580661475
21950 0.005039225761367036
22000 0.00484385601468582
22050 0.005163252689024597
22100 0.004876807637219699
22150 0.004918555147009893
22200 0.006301128298883975
22250 0.004647659654637367
22300 0.005564809378732983
22350 0.005888746152410876
22400 0.0046905194664515325
22450 0.004408831844394703
22500 0.003720666412790698
22550 0.0034806948742034586
22600 0.0044569898675242995
22650 0.004473072154656755
22700 0.004770904557872343
22750 0.005382818125033956
22800 0.0047705112754008756
22850 0.005266644789491291
22900 0.004178638578923226
22950 0.003930729048936385
23000 0.004538817354182502
23050 0.0047138774993308085
23100 0.00435463781516045
23150 0.004161710855957741
23200 0.006091121259553449
23250 0.004300060634929786
23300 0.003697466788937347
23350 0.0035295284036808415
23400 0.005279294355807356
23450 0.004381615563996523
23500 0.004923159365807518
23550 0.004374826232559937
23600 0.004751369921867324
23650 0.003562663794533059
23700 0.003976284815533555
23750 0.003331302392604237
23800 0.004267208046695748
23850 0.003853087581536752
23900 0.005834591369053676
23950 0.004558200577324491
24000 0.0043834747518722884
24050 0.004479361141149588
24100 0.004899769704246103
24150 0.005092576485463205
24200 0.004533282645886812
24250 0.003709347120679998
24300 0.00297216249697482
24350 0.003926074267906163
24400 0.004845654213877644
24450 0.004762657457572247
24500 0.004699326888703197
24550 0.0057740137388842564
24600 0.004534438410680674
24650 0.0035485081772634744
24700 0.0041759059330348965
24750 0.004858483569662099
24800 0.004007633077839572
24850 0.004403469286247572
24900 0.004558314931722831
24950 0.004099592974526715
25000 0.004501875916712188
25050 0.00352850560564807
25100 0.0049734370955987085
25150 0.005421015597563308
25200 0.004414697401228351
25250 0.003717485507108496
25300 0.005823068943701027
25350 0.004810875038859696
25400 0.005118903372456581
25450 0.005560290550968862
25500 0.0035629836100638987
25550 0.0054387411151691125
25600 0.004137974322441141
25650 0.003924743792769328
25700 0.0035341941467644643
25750 0.004066190530031986
25800 0.004635151157935633
25850 0.003046815001043394
25900 0.00529946709168348
25950 0.004037549817328033
26000 0.004675942783990776
26050 0.004267916754811209
26100 0.004675990788806052
26150 0.004387791648846584
26200 0.0045184189341418565
26250 0.0044028092585499945
26300 0.0036762200045055006
26350 0.0038622433710314846
26400 0.003950957274037427
26450 0.004296388998295168
26500 0.0035811539850193076
26550 0.005030760953169049
26600 0.0051866175409155816
26650 0.004331377899732755
26700 0.00393031128527897
26750 0.004020426616792598
26800 0.004587636390007169
26850 0.003853106464859057
26900 0.004085049749459583
26950 0.005199498484425397
27000 0.004822957119512213
27050 0.00439677115895311
27100 0.004206185665389575
27150 0.004129429339456466
27200 0.0033261097570848044
27250 0.004556230796062917
27300 0.0037559387340641627
27350 0.003912551685789689
27400 0.003344480560911516
27450 0.004176142244075851
27500 0.003807884567454789
27550 0.00415373425647306
27600 0.0034964034476788913
27650 0.0034942418162258915
27700 0.004617799409309571
27750 0.0037059247955011317
27800 0.0036111434767271233
27850 0.0037153928384455488
27900 0.004393113550525089
27950 0.004738125991328594
28000 0.004237069549851687
28050 0.0043083565511221
28100 0.0031362553325304412
28150 0.004757153485613138
28200 0.00355834494617641
28250 0.005514790612778155
28300 0.003746668364526164
28350 0.003559495044030908
28400 0.004162523689578798
28450 0.0038918481163292564
28500 0.005243342989254925
28550 0.004677927682102046
28600 0.005482509675923981
28650 0.004751110869475656
28700 0.004647337756246634
28750 0.004749499477061138
28800 0.004610880772368078
28850 0.004468838051639517
28900 0.005468437309463831
28950 0.004394169407240353
29000 0.004198161125408184
29050 0.004690294991490794
29100 0.003998015750534917
29150 0.00403987141171932
29200 0.0054522244467872655
29250 0.0043388063486388745
29300 0.0045263873621649775
29350 0.004006041662414189
29400 0.0038347095501218816
29450 0.00434342401496329
29500 0.003552560000383176
29550 0.004981536939099768
29600 0.004719851449202008
29650 0.004377293107493724
29700 0.004855833222236375
29750 0.005228289995680546
29800 0.005120467433821394
29850 0.004534920223306742
29900 0.004568793408275967
29950 0.003874482917522056
30000 0.004666267187437234
30050 0.004895816749760055
30100 0.005270844516826814
30150 0.004614902565188775
30200 0.004969917696852931
30250 0.004515726418140672
30300 0.003815956804628929
30350 0.0037352660970360403
30400 0.0036804270859314334
30450 0.0046278710575922855
30500 0.004622973601380508
30550 0.004089034195263384
30600 0.0038805495623752016
30650 0.004077046680492543
30700 0.005276588593057167
30750 0.004842783306380715
30800 0.0045840420075580835
30850 0.00449521228162931
30900 0.003812851143782889
30950 0.004465641784231908
31000 0.004656533060677572
31050 0.003919016447778247
31100 0.004032377463697315
31150 0.003959764498824633
31200 0.004138542694526216
31250 0.004204696319412564
31300 0.0051756898758896636
31350 0.0036744023217742845
31400 0.005174974264123869
31450 0.004443640509273246
31500 0.0045759884959944526
31550 0.004103233026104125
31600 0.003519102588635624
31650 0.003799329907251562
31700 0.004188685119511847
31750 0.004002271974295859
31800 0.004395025141164677
31850 0.004366523190135321
31900 0.0045039700211635635
31950 0.004151665928964898
32000 0.004379506524803818
32050 0.004719483760941822
32100 0.004623735124391794
32150 0.0037195228979504586
32200 0.004199579841579399
32250 0.004129076573242166
32300 0.004613309678522705
32350 0.005313745893672559
32400 0.005296772234637877
32450 0.004310084128943546
32500 0.004678018522028448
32550 0.004141469489096141
32600 0.004343986542012857
32650 0.004123945192090083
32700 0.003557512076899053
32750 0.004990767469929352
32800 0.004254488441074791
32850 0.004936792416584281
32900 0.004709108113611834
32950 0.0045093075361682475
33000 0.004392687275722962
33050 0.00442879491128739
33100 0.004820079756958498
33150 0.004420662389225958
33200 0.00445410079251054
33250 0.0044574877862211615
33300 0.003921601634366196
33350 0.003731087326363099
33400 0.003885736101372638
33450 0.004651955152304543
33500 0.0051633969114545835
33550 0.004939477769322257
33600 0.004602406858118052
33650 0.005117520334781851
33700 0.005605255210203549
33750 0.004889564589677404
33800 0.004093056422790766
33850 0.003687750016467118
33900 0.004277131714307992
33950 0.004431640838024765
34000 0.004027665991433101
34050 0.004119717224887048
34100 0.004705114073219313
34150 0.00424354576553988
34200 0.004892522370485084
34250 0.004443202309353446
34300 0.0037487457249816753
34350 0.004400530037252825
34400 0.004735559793177969
34450 0.004146435605478815
34500 0.005123800012081359
34550 0.004571946381959596
34600 0.004668189868028977
34650 0.0037240923369132152
34700 0.004041735681236679
34750 0.004644451738739247
34800 0.00416561889642308
34850 0.0042041300944070615
34900 0.003969474368155476
34950 0.00494522561493799
35000 0.004313252284660411
35050 0.0044470841931620805
35100 0.0046311418731429296
35150 0.004385799050813238
35200 0.0043635490955822465
35250 0.004280783140736748
35300 0.004537612472990923
35350 0.004724081469943548
35400 0.004539169419434144
35450 0.005031847063869872
35500 0.004876314858241542
35550 0.004696124390185056
35600 0.004886499499861693
35650 0.005011575314537806
35700 0.005308079470751217
35750 0.004738444710596642
35800 0.00454659035046307
35850 0.004778701889930885
35900 0.004790170626332283
35950 0.0047186248512074555
36000 0.004546279485211993
36050 0.004283194613475059
36100 0.003976870122036386
36150 0.004257583516945179
36200 0.0042613921193066055
36250 0.004104600106112746
36300 0.004084533267311871
36350 0.004106428897294078
36400 0.004384472176079349
36450 0.00415625659144498
36500 0.00408624800868262
36550 0.0042428909104292685
36600 0.004177339708723567
36650 0.003994917883764279
36700 0.0038363870951809765
36750 0.0038864375558626952
36800 0.00415068218641512
36850 0.0039576995709771886
36900 0.004211033061763849
36950 0.004354658772223651
37000 0.004113745750814613
37050 0.004474979903938319
37100 0.004654407665261989
37150 0.0048080665622677946
37200 0.004919620586108291
37250 0.004751263327647459
37300 0.004637449550208224
37350 0.004922087021933486
37400 0.004734540773441318
37450 0.004858724352319496
37500 0.0050812581862803435
37550 0.004706832230099359
37600 0.004621211777710225
37650 0.004708543196582107
37700 0.004313869377565286
37750 0.004532485908471998
37800 0.004399634134548332
37850 0.004212922848913063
37900 0.003982658301978106
37950 0.004108274706582036
38000 0.004187022952379519
38050 0.0042254610583404096
38100 0.004155604139283493
38150 0.0038899936608051693
38200 0.004232754301793356
38250 0.004531494699014545
38300 0.004117795404093637
38350 0.0037947824631317088
38400 0.0038715877784978236
38450 0.0035422364643145315
38500 0.0035948401221061414
38550 0.003843675024060741
38600 0.003888106596841993
38650 0.0038205012742403423
38700 0.003842229601060322
38750 0.003970560311140462
38800 0.004037561114809477
38850 0.004013028987034196
38900 0.004136012185092701
38950 0.004176608679706486
39000 0.004104781409275062
39050 0.004400773248679257
39100 0.00456123305906445
39150 0.004616632102232733
39200 0.004382946016839432
39250 0.00441084856028083
39300 0.004412307337218516
39350 0.004427363434154636
39400 0.004658002064342601
39450 0.004844852811757156
39500 0.004776335456590941
39550 0.0047089430284469784
39600 0.004790111939521471
39650 0.004457475328107996
39700 0.0044504998202057775
39750 0.004475056764661477
39800 0.004310308033649049
39850 0.004482564178858904
39900 0.004187441023349284
39950 0.004059955489926885
40000 0.0040140213834243
40050 0.0042400792063497835
40100 0.004120545033281865
40150 0.0040135540411623686
40200 0.004211753684498924
40250 0.004172645383713796
40300 0.004115825451211852
40350 0.004195973690467615
40400 0.00432114488593166
40450 0.004354576359233253
40500 0.004293429755876888
40550 0.004223559772276498
40600 0.004101567302849448
40650 0.004191475617107449
40700 0.004011794693227268
40750 0.00410201301175764
40800 0.004190272915521927
40850 0.004265112473603254
40900 0.004165833365054098
40950 0.004419211060782946
41000 0.004326152273345573
41050 0.00430585186344546
41100 0.0043179769152084345
41150 0.004511510368835464
41200 0.004351503744494239
41250 0.004217410057590171
41300 0.004399118570107269
41350 0.004390942445788807
41400 0.004336180764586688
41450 0.004415198148018318
41500 0.0044382564744514345
41550 0.004380673033889848
41600 0.004588494836605847
41650 0.004693237868387689
41700 0.004703206876663768
41750 0.0047579988448899465
41800 0.004728469490350807
41850 0.0044799159452150955
41900 0.004468217725657642
41950 0.004383295945571383
42000 0.004523338609742504
42050 0.004472688387752122
42100 0.004390786099698369
42150 0.004406470760162073
42200 0.004291806518549002
42250 0.004302519524870318
42300 0.004279062497519203
42350 0.004423375109064995
42400 0.004698796480050399
42450 0.004307135865436205
42500 0.004536128181038481
42550 0.004471587660559747
42600 0.0044834697958673324
42650 0.0043759385330221934
42700 0.004576450985536255
42750 0.00438979509957898
42800 0.004471110829173162
42850 0.00449779945734128
42900 0.004487470583272645
42950 0.0044848508862093996
43000 0.0042902596603103605
43050 0.0044133284128500495
43100 0.004247302051710508
43150 0.004253423393068936
43200 0.004266554149418068
43250 0.0043183559595381844
43300 0.004305706493154321
43350 0.00442330296171061
43400 0.004606574903431088
43450 0.004358199305216769
43500 0.004334673413127908
43550 0.004362744330377815
43600 0.004390412397508637
43650 0.004379966179106996
43700 0.004536563045903381
43750 0.004290748869461135
43800 0.004358881425705381
43850 0.004297548145961379
43900 0.004270353056289914
43950 0.004303894538079483
44000 0.004258452646432172
44050 0.0043291862519502485
44100 0.004230128112454111
44150 0.004347520446753274
44200 0.004292984518814149
44250 0.004231677923168424
44300 0.004256608388327211
44350 0.004356843721578586
44400 0.0045225074753485455
44450 0.004390642977535203
44500 0.0045398226449018505
44550 0.004563064033787013
44600 0.00447576133933515
44650 0.004452856611597188
44700 0.004476778771810964
44750 0.004316534913641042
44800 0.004286594876590907
44850 0.004192031698377538
44900 0.004343514344917345
44950 0.004308184986583796
45000 0.004289225112450805
45050 0.004421346857487077
45100 0.004345017179783778
45150 0.004365749754783979
45200 0.004302566771770879
45250 0.004237315854044455
45300 0.004377715977168616
45350 0.004219937801616259
45400 0.0042886279822584444
45450 0.004282919440285399
45500 0.004261086027621895
45550 0.004253276614555552
45600 0.004244651813543924
45650 0.004317881872486491
45700 0.004351213266137743
45750 0.004327453742892195
45800 0.004176526386796919
45850 0.004396093130054053
45900 0.004391502704890132
45950 0.004478136337200118
46000 0.004270843897777182
46050 0.004340492075984404
46100 0.004340926500974103
46150 0.0044415927449430416
46200 0.004549735565253323
46250 0.004348021980064226
46300 0.004413194594940448
46350 0.0044521895215774805
46400 0.004415759445638686
46450 0.004307678495120221
46500 0.004456633199436369
46550 0.004529910723682041
46600 0.004145296787387934
46650 0.004423439856953533
46700 0.004170145430096549
46750 0.0044325874534866345
46800 0.00428487028345185
46850 0.0044281456360526885
46900 0.004409909503137694
46950 0.004196945159728929
47000 0.004276248657452721
47050 0.004343922933445357
47100 0.004234749404951654
47150 0.004264604719685195
47200 0.004451899294249139
47250 0.0042929393931338275
47300 0.00432684324511075
47350 0.00426143472207578
47400 0.004309703661107539
47450 0.004296343723929066
47500 0.004444492128182777
47550 0.00424151465776038
47600 0.004374157384480697
47650 0.004458829143068386
47700 0.004279949841266796
47750 0.004369564937123591
47800 0.0044690240579315366
47850 0.004440755843796572
47900 0.004443467129322528
47950 0.004532980531303375
48000 0.00447428234604636
48050 0.004480804647858662
48100 0.004618843590581323
48150 0.00448638040608917
48200 0.0045016153679023375
48250 0.004633051254638681
48300 0.004617362785648647
48350 0.004462950130584042
48400 0.004490116246183121
48450 0.004496173553384243
48500 0.00446774304679847
48550 0.004561389091285502
48600 0.004629579349851771
48650 0.004571983337242829
48700 0.004526379387225852
48750 0.004656168130359723
48800 0.0048068595971213135
48850 0.004607539206250422
48900 0.004569564827880723
48950 0.004640173757112322
49000 0.004492772562829033
49050 0.0044536106733520505
49100 0.004387299870727029
49150 0.004507463619591021
49200 0.004567880537478283
49250 0.004410081372754697
49300 0.004446164719105709
49350 0.00456111060931226
49400 0.004668133897589868
49450 0.004559676923895507
49500 0.004737020542935185
49550 0.004588159274213648
49600 0.004536660909939162
49650 0.004534640417406943
49700 0.004506137937263922
49750 0.004510933108269333
49800 0.004622860165431134
49850 0.004548666247184029
49900 0.004622424421800129
49950 0.004395718120874752
50000 0.004450549173941697
