50 0.9644461758682316
100 0.9978604546926108
150 0.9961135697861082
200 0.9963232897482922
250 0.9961982335586597
300 0.9962085402824772
350 0.9961482891295093
400 0.9961274024659609
450 0.9961502727830446
500 0.9960703742128817
550 0.9959876002579932
600 0.995962897133821
650 0.9959628468936383
700 0.9958422678858603
750 0.9957274201603209
800 0.9956900779550883
850 0.9955306954862567
900 0.9954615008374776
950 0.9952839898244216
1000 0.99514687532295
1050 0.9949550539457919
1100 0.9947113050596624
1150 0.9944589001471169
1200 0.9941692139686752
1250 0.9937566940876031
1300 0.9932130369442703
1350 0.9924572337397006
1400 0.9915096330024691
1450 0.9904419396947011
1500 0.9888063601684915
1550 0.9866157668571844
1600 0.9836724708321409
1650 0.9794497849895071
1700 0.9736722574972316
1750 0.9652140554731276
1800 0.9525169446603425
1850 0.9346691872399004
1900 0.9076203398368897
1950 0.8673999446989812
2000 0.8108510052334313
2050 0.7420595669575667
2100 0.6664428127344463
2150 0.596734513861574
2200 0.5449878752092485
2250 0.508947989781823
2300 0.4518665627124923
2350 0.4041242630210066
2400 0.3984808995489999
2450 0.3591076261099824
2500 0.31789809009669967
2550 0.3274075559171005
2600 0.29290761460328085
2650 0.3010143074727929
2700 0.26541874117732844
2750 0.2495334100992271
2800 0.21004878504243812
2850 0.20787467606257157
2900 0.1920659891201613
2950 0.207403266548236
3000 0.18035505575538716
3050 0.1726412749400861
3100 0.17368699518129477
3150 0.15534683273968003
3200 0.20570031329782365
3250 0.17767312989944842
3300 0.1542201561849051
3350 0.13502739123087532
3400 0.16843906744688167
3450 0.1436221888345557
3500 0.11771249911730383
3550 0.09179150870669968
3600 0.13234311029950963
3650 0.12099298689481947
3700 0.12571373361095955
3750 0.12109577773120266
3800 0.09925065697855653
3850 0.11550206717469227
3900 0.10119740044801671
3950 0.10541640398382204
4000 0.09298182815574985
4050 0.08881954431950502
4100 0.09754975546680138
4150 0.09434487185169753
4200 0.08217523853721455
4250 0.10408571338542445
4300 0.08304502705635933
4350 0.053080298937705626
4400 0.09103072605682237
4450 0.08990334979119473
4500 0.07104401812253122
4550 0.06829024989587311
4600 0.09040883208864868
4650 0.08602880261899935
4700 0.08084027909987608
4750 0.06829662792748932
4800 0.09190090237647315
4850 0.07738742100588523
4900 0.07537629753058935
4950 0.0626230619470067
5000 0.06650894406053373
5050 0.06319299271987848
5100 0.06296440113938248
5150 0.06380783612854114
5200 0.059178963061068506
5250 0.058659178426296005
5300 0.061718313270175885
5350 0.05789279916614149
5400 0.056123438014383416
5450 0.05613977207042224
5500 0.05644757235848137
5550 0.05606725249820887
5600 0.057279720267808386
5650 0.0566011604676525
5700 0.05726626627910139
5750 0.05527963872154737
5800 0.05509153008456901
5850 0.05534818483710503
5900 0.05463224256789935
5950 0.05293567570182988
6000 0.055548870847107336
6050 0.054301028454924696
6100 0.05979601190671305
6150 0.05688854702001651
6200 0.05059236135458525
6250 0.05052762333495829
6300 0.04807639530302075
6350 0.054114424777459876
6400 0.048180034055496306
6450 0.04988014616754406
6500 0.051722096851629394
6550 0.05827231183363286
6600 0.04997573252039572
6650 0.046824501728066154
6700 0.045755197247449274
6750 0.044539685645120064
6800 0.04414516389343998
6850 0.042498668321728945
6900 0.04455904303833789
6950 0.041032599598719056
7000 0.043210416697612976
7050 0.043225323674603106
7100 0.04052220681179537
7150 0.03970505955325328
7200 0.04318595075427553
7250 0.03878147443703029
7300 0.03896400445989188
7350 0.039606310711999174
7400 0.038113637792186995
7450 0.04188877561794565
7500 0.03695082202413259
7550 0.040445105496985205
7600 0.04184499124228044
7650 0.03876320077485844
7700 0.03521642696418298
7750 0.03612817051186305
7800 0.03376626581036042
7850 0.035279728864239475
7900 0.03249453297429831
7950 0.0341131865494743
8000 0.03130100387337764
8050 0.031907298251702826
8100 0.03138255464125556
8150 0.03361497740335817
8200 0.029441522462865216
8250 0.029171138831462898
8300 0.033028683711654974
8350 0.03057085515763106
8400 0.02893004129376324
8450 0.0285211301299848
8500 0.032857409656913375
8550 0.03156594557442866
8600 0.03432135504766464
8650 0.027711663084051708
8700 0.028652842930878924
8750 0.028973431456381905
8800 0.026379198404863795
8850 0.02648732391515124
8900 0.025556085474362257
8950 0.036836125665911226
9000 0.03667346221516405
9050 0.023610024875911368
9100 0.028344708717252247
9150 0.03237571619186338
9200 0.02513857485138718
9250 0.023720534980969977
9300 0.022352963521488894
9350 0.023683178991311588
9400 0.02556808193675579
9450 0.03147999974053704
9500 0.022354503361271184
9550 0.021835226856125697
9600 0.021321618404489047
9650 0.019660298823372273
9700 0.025213485495700294
9750 0.02026552290148455
9800 0.020668941941507025
9850 0.024383607070504
9900 0.01930982937601036
9950 0.020393886762417875
10000 0.02183902469494837
10050 0.02076798059419807
10100 0.021617647759163406
10150 0.021340353062815457
10200 0.019185540915098245
10250 0.018919667544923326
10300 0.018813832147449173
10350 0.018591016828880032
10400 0.020033323750835923
10450 0.01928954869733978
10500 0.018960627417172447
10550 0.020640230910957232
10600 0.01871322540816258
10650 0.01821141144490874
10700 0.026981144651661494
10750 0.028004390517544546
10800 0.02122596471725564
10850 0.019768996171067095
10900 0.018162297677635976
10950 0.026151467616971832
11000 0.02303535302175909
11050 0.018708834471377073
11100 0.01829577090616002
11150 0.023537970502744514
11200 0.021335920020769113
11250 0.020099020071467515
11300 0.021524407870922354
11350 0.019242278918875855
11400 0.024966532522698634
11450 0.026234765625244936
11500 0.027973078061002254
11550 0.02852027219985673
11600 0.02531909142748904
11650 0.019943114797195117
11700 0.017559857777105194
11750 0.020927974862197246
11800 0.017102489477208403
11850 0.01725075234840932
11900 0.020929436429777643
11950 0.014102886364460629
12000 0.026979970845613106
12050 0.014265918214147228
12100 0.01456431081812326
12150 0.018917153516708033
12200 0.015659618454084263
12250 0.015175124437547151
12300 0.015739491629963437
12350 0.014696221267351296
12400 0.022324430551477578
12450 0.025783153833497843
12500 0.01287572875047982
12550 0.01664295320659066
12600 0.018215038409212268
12650 0.017802502096433477
12700 0.012459416568632583
12750 0.012813689359620052
12800 0.012388235251045465
12850 0.01631483647515595
12900 0.015608868455852047
12950 0.015092147935396866
13000 0.018780934002030403
13050 0.019842071126435015
13100 0.014909359699050719
13150 0.02195433696250683
13200 0.013996071718809407
13250 0.015248531873098783
13300 0.02096941039007939
13350 0.03237944709161791
13400 0.020765834240314304
13450 0.011941500604387076
13500 0.019929268535716093
13550 0.01802006968588557
13600 0.015383746123715646
13650 0.012998241327973073
13700 0.012086673247864855
13750 0.013219501863124856
13800 0.01497693401298029
13850 0.019398997884907516
13900 0.03373987552698589
13950 0.017450213498763335
14000 0.03673224464484341
14050 0.03249785300809053
14100 0.02445074208314297
14150 0.012101880722675979
14200 0.011636501261170443
14250 0.012860496904026755
14300 0.015575861399936592
14350 0.03026835304772658
14400 0.012371134557210674
14450 0.01875590566633721
14500 0.014553964753461074
14550 0.010519033352148884
14600 0.012131649361517116
14650 0.020611503930367325
14700 0.027153630630639313
14750 0.010867389295935566
14800 0.009749511127488963
14850 0.00954881787821552
14900 0.018702639168235276
14950 0.009733985465746383
15000 0.0157821936802199
15050 0.012245563877569832
15100 0.012214678432255866
15150 0.010282683171375484
15200 0.019354943959056407
15250 0.018180612503445225
15300 0.01681942143015991
15350 0.018574304417959292
15400 0.018358689431778933
15450 0.01578149272660847
15500 0.011345567116710586
15550 0.014712455667540713
15600 0.009634703370381404
15650 0.009366014815909615
15700 0.010190932070145065
15750 0.012017058702572189
15800 0.017652405326016116
15850 0.012825705462693503
15900 0.009416563685955432
15950 0.009237036230698076
16000 0.010140951284820041
16050 0.01393997102818817
16100 0.0115557299181789
16150 0.013707812108477102
16200 0.009975795999629913
16250 0.0112438412996457
16300 0.008658996877611602
16350 0.010487954420703147
16400 0.009785452957083416
16450 0.010322443816045275
16500 0.00867177882326461
16550 0.011390525636820028
16600 0.01663474356152829
16650 0.021732224520804016
16700 0.019313654230756514
16750 0.012563479456185758
16800 0.008319753791266185
16850 0.009687414093111062
16900 0.008069719740647553
16950 0.008383790989886933
17000 0.008454677443596435
17050 0.008650017964030593
17100 0.00969388733060309
17150 0.011960699308556656
17200 0.008268406974051694
17250 0.024290805323976625
17300 0.02734605547143647
17350 0.026328639096956152
17400 0.00900730166878972
17450 0.018314794963721195
17500 0.021822905274756162
17550 0.014061370842000093
17600 0.02458293816161555
17650 0.01124649006821218
17700 0.013021655442585753
17750 0.007909221277405018
17800 0.017274102613199276
17850 0.015211413799777666
17900 0.011708775267510279
17950 0.007558841286194643
18000 0.009126048774788065
18050 0.01891988885998334
18100 0.008714345750833625
18150 0.008034412643194948
18200 0.009637866573189898
18250 0.007781259728939557
18300 0.009906114538527676
18350 0.021143345874047134
18400 0.0090409158882055
18450 0.012521786909098756
18500 0.007916228413229814
18550 0.008507695283469266
18600 0.021412061011957223
18650 0.008061133408592104
18700 0.025964627664751383
18750 0.030091265534235027
18800 0.018900718007236333
18850 0.017528524603402266
18900 0.0205176615993505
18950 0.009421676077565186
19000 0.012899386914264295
19050 0.0321215557568278
19100 0.04222836947596823
19150 0.014909801811803415
19200 0.01821590925121906
19250 0.03835707779486458
19300 0.01634708675915488
19350 0.041047202499776836
19400 0.04894279772035158
19450 0.050493447599295076
19500 0.03015115814141183
19550 0.013892797209052284
19600 0.01841575631221978
19650 0.012193692634306048
19700 0.02514494041258946
19750 0.03468303340288864
19800 0.02052596625715164
19850 0.016827715373193393
19900 0.0232995053159163
19950 0.009504688732713233
20000 0.015357462602784007
20050 0.010369171701136659
20100 0.008329593067833771
20150 0.00903793972912566
20200 0.0091859988419853
20250 0.00878791591075595
20300 0.008735659291378216
20350 0.013004394063648414
20400 0.01840692619263035
20450 0.016639417932231886
20500 0.017594300875517586
20550 0.022951505468925472
20600 0.018160739331014336
20650 0.01682653644805336
20700 0.01558910624404213
20750 0.007867497041808356
20800 0.008277281882963353
20850 0.007940073732109323
20900 0.008025834281307194
20950 0.009573588456001677
21000 0.010784693823949759
21050 0.008945030695379304
21100 0.014848696730089522
21150 0.012843617604224956
21200 0.014833349955921143
21250 0.023554725289818595
21300 0.027955110055878758
21350 0.014063753697218493
21400 0.00896934253176215
21450 0.01049422788202966
21500 0.010153438998121857
21550 0.008587809574612392
21600 0.014580004954368637
21650 0.01677621822649702
21700 0.020769733710849954
21750 0.011802669774450856
21800 0.0087250590435237
21850 0.008270151401435864
21900 0.010942390014388778
21950 0.009818831935679635
22000 0.007487900121226195
22050 0.0077667755474768296
22100 0.009310419503940851
22150 0.010457702857190356
22200 0.007113885594220078
22250 0.013023707298595725
22300 0.01236429571981041
22350 0.006932644447792416
22400 0.02279144456380332
22450 0.03480105075014664
22500 0.02827345970135498
22550 0.027204095516911015
22600 0.02660284107445153
22650 0.008283797962459477
22700 0.014588289203519799
22750 0.010110886065337898
22800 0.00917577166763308
22850 0.007654021259285476
22900 0.01524845700539065
22950 0.010541252207141071
23000 0.01026917313159419
23050 0.012606630921844046
23100 0.014450411384812812
23150 0.019030471033914597
23200 0.010509748596621297
23250 0.008332340109202575
23300 0.021754207417038093
23350 0.01907450998101378
23400 0.018124396053049607
23450 0.022226707177832934
23500 0.020934852523024815
23550 0.02018343653948805
23600 0.01690245251843681
23650 0.015059470865089084
23700 0.01747251301933528
23750 0.010027708308686477
23800 0.018995234432753475
23850 0.023158784028465572
23900 0.00888534104732074
23950 0.009018459648814035
24000 0.012643453835608937
24050 0.009538652810211783
24100 0.0094950513047746
24150 0.011605408663313263
24200 0.019444576550894273
24250 0.023624352026219736
24300 0.02254052536456252
24350 0.023649156111538363
24400 0.012715891540727055
24450 0.015586452479194018
24500 0.014181852633406539
24550 0.043417536621778476
24600 0.04029535501287514
24650 0.03566169334212256
24700 0.01295563471981904
24750 0.008130786112774268
24800 0.012562862610937605
24850 0.012188074078166774
24900 0.008828814956827783
24950 0.014879367641680834
25000 0.016793493672305815
25050 0.01783488383636602
25100 0.020104721270131583
25150 0.015035458593951898
25200 0.0121132012630206
25250 0.00883437619204402
25300 0.011308684246069544
25350 0.017550111602184938
25400 0.020128855591487593
25450 0.01515288809035918
25500 0.012798646417945014
25550 0.0076754952601778646
25600 0.007893113828380526
25650 0.008902453111224425
25700 0.012427767011930926
25750 0.00833939894418198
25800 0.009369659119944453
25850 0.007986484528269831
25900 0.010267035998692893
25950 0.010253803819205029
26000 0.010513612644348167
26050 0.013934757365255736
26100 0.016911038110911776
26150 0.023232850615579198
26200 0.020385855914089004
26250 0.023441781884391697
26300 0.022893080695466608
26350 0.017052270870490122
26400 0.018631008533148762
26450 0.010627803434659806
26500 0.008773707983766029
26550 0.009409752598600442
26600 0.015650526851626646
26650 0.013445326716337929
26700 0.02011351501968473
26750 0.01894254805548003
26800 0.01931349640958612
26850 0.023628650803894164
26900 0.01976859764156177
26950 0.012364653174924571
27000 0.014026811868590823
27050 0.008524045680691044
27100 0.007751302453334982
27150 0.008001810012948647
27200 0.010042551895286153
27250 0.01345890837534923
27300 0.011718685038538162
27350 0.008366375789646281
27400 0.007588580736902729
27450 0.008144333609633536
27500 0.008182552205276606
27550 0.009016799289058283
27600 0.007971771155889974
27650 0.008047899095048145
27700 0.008575899016389561
27750 0.010039669737807191
27800 0.00888475860698124
27850 0.018959470390477462
27900 0.023177745950667003
27950 0.028765027764776137
28000 0.02756149290560256
28050 0.02501831649481884
28100 0.02285983746312427
28150 0.014568930409820583
28200 0.01651594695737894
28250 0.010728733776477243
28300 0.010656319081705544
28350 0.011496014980806376
28400 0.009745966330797098
28450 0.015804634362702477
28500 0.016248988978506785
28550 0.015371825137611891
28600 0.007916832109774286
28650 0.007573498747630287
28700 0.010694903520475349
28750 0.007923158907191589
28800 0.007366406906004577
28850 0.009999738931786835
28900 0.014358795530553022
28950 0.01920514903120509
29000 0.012422071503241358
29050 0.0166348061011421
29100 0.017031690119639478
29150 0.023482105530846457
29200 0.01890615315351759
29250 0.013965049571145029
29300 0.014769445086027946
29350 0.014314801818562477
29400 0.01590188095832867
29450 0.015802522877140655
29500 0.013178612262448078
29550 0.011220645879234183
29600 0.007237347994712647
29650 0.006908416700173172
29700 0.006966506267962179
29750 0.011172488894462837
29800 0.01083086272283351
29850 0.007157926897764242
29900 0.008204413008537768
29950 0.014385711997839029
30000 0.015394077831560108
30050 0.015361521811228471
30100 0.014981642201837085
30150 0.013005928408676778
30200 0.009015194925951674
30250 0.007132336390868808
30300 0.007205953482458217
30350 0.00907780052872353
30400 0.009493308247160812
30450 0.007745444281343416
30500 0.0071809332050133965
30550 0.006583578691392494
30600 0.006670344475775427
30650 0.006664487537854956
30700 0.0066498633295638465
30750 0.006639324647709183
30800 0.006871608085597891
30850 0.006772913715926295
30900 0.007157214436890442
30950 0.007022504736021879
31000 0.007433382756489913
31050 0.008114559143644824
31100 0.00999715429820718
31150 0.011018813610701138
31200 0.012086133335638663
31250 0.010843553371365694
31300 0.007942033236954795
31350 0.006729967284310265
31400 0.007247428059052996
31450 0.0073420330236685025
31500 0.0072021370683564645
31550 0.007282343432184978
31600 0.007133708091825978
31650 0.0071790234236394105
31700 0.0075321209368844335
31750 0.006980632810741202
31800 0.006834190786444063
31850 0.006762394814624685
31900 0.006957943021613009
31950 0.007896893466584643
32000 0.008732455115261752
32050 0.008505731135692182
32100 0.007425337996511381
32150 0.00679074924122741
32200 0.008427822521271652
32250 0.008429587580720394
32300 0.0077349074281441955
32350 0.006999267620191604
32400 0.0068786147850372625
32450 0.006744948029881281
32500 0.007165198143368632
32550 0.007285985715743905
32600 0.00836449535543234
32650 0.008748997035092437
32700 0.007543901669128866
32750 0.00772008994023273
32800 0.010898520072582988
32850 0.012852271219014158
32900 0.015762055626926275
32950 0.01257997015403158
33000 0.011413165077572835
33050 0.013038802089501984
33100 0.013527594400373892
33150 0.010728485268801484
33200 0.011062801070366378
33250 0.010754072149562203
33300 0.010332075675665827
33350 0.008892217430495931
33400 0.007932050710976107
33450 0.007439792203250103
33500 0.00657625875722039
33550 0.006706376408591048
33600 0.009179342527489505
33650 0.010084371341719483
33700 0.010241515188705218
33750 0.009535112426631773
33800 0.011064462358692717
33850 0.008326596218883696
33900 0.008884739238311323
33950 0.007873896049293267
34000 0.007964143621618753
34050 0.008536532140461217
34100 0.00700299248807121
34150 0.007139204640759205
34200 0.007404543028545612
34250 0.007366454750238901
34300 0.007553954455545038
34350 0.006429827458570981
34400 0.006815601657873914
34450 0.0067013475321081135
34500 0.006816486876309313
34550 0.007352155072856922
34600 0.007934899912704192
34650 0.008583899302889018
34700 0.00763726587449421
34750 0.007179920165440275
34800 0.007947140449609199
34850 0.011732115870823092
34900 0.012377570920383892
34950 0.010987656657228801
35000 0.010181772466634516
35050 0.010044854611970029
35100 0.009929330850659447
35150 0.009712116691208769
35200 0.009893968495901665
35250 0.010579368115478075
35300 0.010034959421010696
35350 0.010471002001422784
35400 0.011155972707360167
35450 0.011792577558112409
35500 0.012596947342720625
35550 0.0125693347039067
35600 0.012863043147311452
35650 0.012993434166888376
35700 0.013284631399466647
35750 0.01317016259564552
35800 0.013578811672672358
35850 0.013551290471625954
35900 0.013071154018625911
35950 0.013068666358602255
36000 0.013063689616212928
36050 0.012153737123502031
36100 0.01160822590433269
36150 0.011546402348791701
36200 0.011444032436351705
36250 0.011081249057485925
36300 0.01084533231800692
36350 0.010696143265721533
36400 0.011071550179092629
36450 0.01142622729431484
36500 0.010632916462610019
36550 0.010819092803514849
36600 0.010459799958756545
36650 0.011250459880610415
36700 0.01073200771355172
36750 0.010521637843782603
36800 0.01002427910170343
36850 0.010397569136088778
36900 0.0102606128113359
36950 0.010070295446999052
37000 0.009431855639049958
37050 0.008959909117273443
37100 0.008676641127672196
37150 0.008445436237065887
37200 0.008257292293929453
37250 0.007788045069801975
37300 0.007504128377261252
37350 0.007204347957507355
37400 0.007073590812889465
37450 0.007036982965103949
37500 0.007370385182622164
37550 0.00708414635011567
37600 0.006937640420412159
37650 0.006416477677399148
37700 0.006680444800296401
37750 0.006667527139935982
37800 0.006726208793684522
37850 0.006653744474567463
37900 0.006556742201589723
37950 0.0066529889781471495
38000 0.006634695684944745
38050 0.006501279646776183
38100 0.006661646212152041
38150 0.0070332738907295
38200 0.006753839519925103
38250 0.00671661149503297
38300 0.006546054920730507
38350 0.0063747782546551566
38400 0.006959258215455509
38450 0.006699988628865047
38500 0.0068631011005800555
38550 0.0067494817586228875
38600 0.006738236058774522
38650 0.006583595825990727
38700 0.00683259606467628
38750 0.0065138339066832945
38800 0.006762936768255996
38850 0.006546387982002585
38900 0.006866132106016113
38950 0.006888052368028764
39000 0.007131777264674152
39050 0.006834872460320513
39100 0.007025532479772724
39150 0.007365033458511978
39200 0.0072988176320487935
39250 0.007253244208384983
39300 0.00781517553684327
39350 0.007562060842844344
39400 0.007478271558195164
39450 0.007233173064999775
39500 0.007033193265304759
39550 0.006681438314080711
39600 0.0069401693516993115
39650 0.007197107352542804
39700 0.00705620104601399
39750 0.006644709089903394
39800 0.006425603041662263
39850 0.0068157135732331686
39900 0.006679087567769396
39950 0.006679912179185973
40000 0.006263655250013531
40050 0.0068816375970656265
40100 0.00666922902094383
40150 0.006312188151849336
40200 0.006564238489673807
40250 0.006579305210841416
40300 0.006512747654419926
40350 0.0066681005276372435
40400 0.006651757028706667
40450 0.006294644822504694
40500 0.006575201686879818
40550 0.006405000468763396
40600 0.0063486391395232425
40650 0.00635757617738502
40700 0.006466539246803656
40750 0.0066909117911410874
40800 0.006519339392939141
40850 0.006520383396009317
40900 0.0066755218435220745
40950 0.006803789059570059
41000 0.0064382020421614875
41050 0.006479556364671021
41100 0.0064305532861513425
41150 0.0066905068688410336
41200 0.006791335262768921
41250 0.006659790701284539
41300 0.006565132860935149
41350 0.006663585320483066
41400 0.006809400661199773
41450 0.006540535070470569
41500 0.006784041833204159
41550 0.006326722186525463
41600 0.006680078957841396
41650 0.006730210405929487
41700 0.006649912308378861
41750 0.006552424049881999
41800 0.006563830091374489
41850 0.006604075511421539
41900 0.006455558663471034
41950 0.0066908646482543325
42000 0.006526915627872574
42050 0.006503330489038816
42100 0.006563971931689836
42150 0.006543069763570367
42200 0.006433194448498181
42250 0.006423604837218148
42300 0.006517429205038926
42350 0.0063138206933759655
42400 0.006552063524685096
42450 0.006355612397481262
42500 0.006978211229626823
42550 0.006546762010605548
42600 0.006349703754666928
42650 0.006440223074844681
42700 0.006594507699810247
42750 0.006740219854096322
42800 0.006801889622977885
42850 0.006547572147458702
42900 0.00664530275811231
42950 0.006732451010994833
43000 0.006412148502203699
43050 0.006814730084083055
43100 0.006286135969006082
43150 0.006606954999136349
43200 0.006460979119125049
43250 0.0065568269500014325
43300 0.0064836948619861985
43350 0.006530969685702108
43400 0.0065153399396972985
43450 0.0065917788040311745
43500 0.00639023504413803
43550 0.006620446987534107
43600 0.006452684345792343
43650 0.006520904003919911
43700 0.006446625306873661
43750 0.0064123078443336454
43800 0.006400597700083923
43850 0.00641182480084555
43900 0.006409926615441372
43950 0.0064506150014573245
44000 0.006187992289573912
44050 0.006563422169652458
44100 0.006478423083114344
44150 0.0066050145763681565
44200 0.006730998283328106
44250 0.006672353820705396
44300 0.006343505877159004
44350 0.006448193442421685
44400 0.006531370195460384
44450 0.006780424115553111
44500 0.0064616448861173304
44550 0.006619749681299364
44600 0.006619733292893986
44650 0.006692646048107386
44700 0.006573976619895835
44750 0.006686092149790119
44800 0.006477227862047859
44850 0.0064927756703725276
44900 0.006507463331705248
44950 0.006507508242107606
45000 0.006259095342916524
45050 0.006559593395024796
45100 0.006551232658096885
45150 0.006525852056810024
45200 0.006518074286805274
45250 0.006472989423892931
45300 0.006524614891651293
45350 0.00669054660525158
45400 0.006862709075995831
45450 0.00631969422492745
45500 0.0068411048329879535
45550 0.006616411148138492
45600 0.006517298242287862
45650 0.006472531573586339
45700 0.006591614594552459
45750 0.006247134445736416
45800 0.006502691242115632
45850 0.006704541889872297
45900 0.006690200292267087
45950 0.006728017673159113
46000 0.0065545387708844565
46050 0.006720514195600741
46100 0.006523963532905929
46150 0.00668571738400471
46200 0.0062570815043560225
46250 0.006592453396599789
46300 0.006521306038403388
46350 0.006751693230456579
46400 0.006409280774980104
46450 0.006599006448330517
46500 0.006802110399581341
46550 0.0065212071869880425
46600 0.006504267260855442
46650 0.006533464046113224
46700 0.006474387401499721
46750 0.006347541869443171
46800 0.006539498260477989
46850 0.0066694879999304535
46900 0.006478210226500258
46950 0.006583258546618581
47000 0.0065923682606150915
47050 0.006471347793754972
47100 0.006424656898186834
47150 0.006577285030587021
47200 0.006313863122388197
47250 0.006738595890283512
47300 0.006790022073534164
47350 0.006507606989710129
47400 0.00656821176200458
47450 0.006691852580469253
47500 0.0064441747602438865
47550 0.006619937632834376
47600 0.006590528843991893
47650 0.006450988325062592
47700 0.006615218959037452
47750 0.006481285633447735
47800 0.006645477267343003
47850 0.006887721171017534
47900 0.0065927164347380374
47950 0.006363920058937681
48000 0.0067047535343056726
48050 0.006358181628986575
48100 0.0063287432741948885
48150 0.006765609952788547
48200 0.006975844100106059
48250 0.006730801929036459
48300 0.00670330141267107
48350 0.006351023757518548
48400 0.006743413177449216
48450 0.006778436955994595
48500 0.00662133759316701
48550 0.006641013315835158
48600 0.0064957669864352694
48650 0.00649291010431798
48700 0.006670511669862291
48750 0.006660835224050704
48800 0.006546598898881393
48850 0.006564620604212355
48900 0.0064707530485051176
48950 0.0066996311770809395
49000 0.006607862717693084
49050 0.006512547466087056
49100 0.006463951817957958
49150 0.0064905788362601205
49200 0.006301297628507702
49250 0.006728135677359459
49300 0.0066381952527917384
49350 0.006773662265243895
49400 0.006753573312176782
49450 0.0066070387818522305
49500 0.006644677042085194
49550 0.0065773208679216
49600 0.006668294927961285
49650 0.006782541806171224
49700 0.006650791729380931
49750 0.006707882127852255
49800 0.006637701064823933
49850 0.006530158507689381
49900 0.006527555366588014
49950 0.006571718296197989
50000 0.006578848578020515
